0 1663.15 0.00279236 -0.000488281 -0 -0 -0.000, -0.000, 1.000, -0.007, 0.030, 0.000,1.000, -0.000, -0.000, -0.007, 0.000, 1.000, -0.000, 0.030, 0.000, 0.000, 1.000, -0.001, 0.000, 0.000, 0.000, 1.000,  122 6 12 13 9 55 -188.133 -156.789 -1658.86 -166.71 40.9206 -1646.36 -324.688 57.1684 -1624.81 
-30 1663.15 -29.9974 0.000488281 -0 -0.00133805 0.002, 0.048, 0.999, 206.518, -51.640, 0.000,0.871, 0.492, 0.002, 206.476, -0.492, 0.870, 0.048, -52.512, 0.022, -0.043, 0.999, -18.105, 0.000, 0.000, 0.000, 1.000,  122 6 12 13 10 4 -206.069 -342.39 -1773.38 -170.826 -178.76 -1666.59 -327.574 -163.626 -1637.21 
-26 1663.15 -25.9984 0.000488281 -0 -0 0.001, 0.042, 0.999, 180.888, -38.524, 0.000,0.902, 0.431, 0.001, 180.878, -0.431, 0.902, 0.042, -39.194, 0.018, -0.038, 0.999, -15.992, 0.000, 0.000, 0.000, 1.000,  122 6 12 13 10 10 -202.879 -321.481 -1752.62 -169.29 -150.492 -1657.22 -326.181 -134.968 -1628.82 
-22 1663.15 -21.998 -0.000488281 -0 -0 -0.000, 0.036, 0.999, 154.481, -27.324, 0.000,0.930, 0.368, -0.000, 154.487, -0.368, 0.929, 0.036, -27.817, 0.014, -0.033, 0.999, -13.772, 0.000, 0.000, 0.000, 1.000,  122 6 12 13 10 16 -199.921 -299.23 -1733.54 -168.058 -121.674 -1649.89 -325.101 -105.835 -1622.43 
-18 1663.15 -17.9997 0.000488281 -0 -0 -0.001, 0.029, 1.000, 127.322, -17.960, 0.000,0.953, 0.304, -0.001, 127.337, -0.304, 0.952, 0.029, -18.297, 0.010, -0.028, 1.000, -11.448, 0.000, 0.000, 0.000, 1.000,  122 6 12 13 10 22 -197.185 -275.641 -1715.98 -167.115 -92.3827 -1644.58 -324.323 -76.3025 -1618.14 
-14 1663.15 -13.9972 0.000976562 -0 -0 -0.002, 0.023, 1.000, 99.631, -10.585, 0.000,0.971, 0.238, -0.002, 99.647, -0.238, 0.971, 0.023, -10.796, 0.007, -0.022, 1.000, -9.031, 0.000, 0.000, 0.000, 1.000,  122 6 12 13 10 28 -194.721 -250.917 -1700.21 -166.485 -62.829 -1641.38 -323.85 -46.5802 -1615.93 
-10 1663.15 -9.99751 -0.000488281 -0 -0 -0.002, 0.017, 1.000, 71.438, -5.131, 0.000,0.985, 0.171, -0.002, 71.449, -0.171, 0.985, 0.017, -5.243, 0.005, -0.016, 1.000, -6.535, 0.000, 0.000, 0.000, 1.000,  122 6 12 13 10 34 -192.486 -225.08 -1686.1 -166.169 -33.0681 -1640.29 -323.698 -16.7184 -1615.88 
-6 1663.15 -5.9978 0.000976562 -0 -0 -0.001, 0.010, 1.000, 42.994, -1.638, 0.000,0.995, 0.103, -0.001, 43.000, -0.103, 0.995, 0.010, -1.678, 0.002, -0.010, 1.000, -3.967, 0.000, 0.000, 0.000, 1.000,  122 6 12 13 10 40 -190.545 -198.367 -1673.89 -166.152 -3.36443 -1641.18 -323.868 12.9958 -1617.92 
-2 1663.15 -1.99741 -0 -0 -0 -0.001, 0.003, 1.000, 14.333, -0.098, 0.000,0.999, 0.035, -0.001, 14.334, -0.035, 0.999, 0.003, -0.102, 0.001, -0.003, 1.000, -1.330, 0.000, 0.000, 0.000, 1.000,  122 6 12 13 10 46 -188.885 -170.81 -1663.47 -166.451 26.2421 -1644.17 -324.337 42.5618 -1622.03 
2 1663.15 2.0023 -0 -0 -0 0.001, -0.003, 1.000, -14.369, -0.451, 0.000,0.999, -0.035, 0.001, -14.368, 0.035, 0.999, -0.003, -0.455, -0.000, 0.003, 1.000, 1.342, 0.000, 0.000, 0.000, 1.000,  122 6 12 13 10 52 -187.48 -142.585 -1654.87 -167.049 55.5523 -1649.15 -325.101 71.7343 -1628.09 
6 1663.15 6.0027 -0 -0 -0 0.002, -0.010, 1.000, -42.981, -2.795, 0.000,0.995, -0.103, 0.002, -42.972, 0.103, 0.995, -0.010, -2.835, -0.001, 0.010, 1.000, 4.041, 0.000, 0.000, 0.000, 1.000,  122 6 12 13 10 58 -186.368 -113.814 -1648.26 -167.944 84.4392 -1656.15 -326.147 100.42 -1636.2 
10 1663.15 10.0017 -0.00195312 -0 -0 0.004, -0.016, 1.000, -71.363, -7.116, 0.000,0.985, -0.172, 0.004, -71.333, 0.172, 0.985, -0.016, -7.226, -0.002, 0.017, 1.000, 6.756, 0.000, 0.000, 0.000, 1.000,  122 6 12 13 11 4 -185.547 -84.6618 -1643.63 -169.145 112.772 -1665.16 -327.5 128.456 -1646.26 
14 1663.15 14.0014 -0 -0 -0 0.007, -0.022, 1.000, -99.393, -13.387, 0.000,0.971, -0.240, 0.007, -99.325, 0.240, 0.970, -0.022, -13.599, -0.002, 0.023, 1.000, 9.479, 0.000, 0.000, 0.000, 1.000,  122 6 12 13 11 10 -185.022 -55.2329 -1641.01 -170.649 140.402 -1676.13 -329.153 155.724 -1658.26 
18 1663.15 18.0025 0.000976562 -0 -0 0.011, -0.029, 1.000, -126.898, -21.445, 0.000,0.952, -0.306, 0.011, -126.770, 0.306, 0.951, -0.029, -21.801, -0.001, 0.031, 1.000, 12.193, 0.000, 0.000, 0.000, 1.000,  122 6 12 13 11 16 -184.803 -25.7287 -1640.39 -172.414 167.147 -1688.8 -331.071 182.05 -1672.09 
22 1663.15 22.0009 -0 -0 -0 0.014, -0.035, 0.999, -153.855, -31.433, 0.000,0.928, -0.372, 0.014, -153.643, 0.372, 0.928, -0.035, -31.956, -0.000, 0.038, 0.999, 14.880, 0.000, 0.000, 0.000, 1.000,  122 6 12 13 11 22 -184.861 3.82442 -1641.74 -174.468 193.002 -1703.43 -333.275 207.388 -1687.73 
26 1663.15 26.0019 -0 -0 -0 0.018, -0.041, 0.999, -179.997, -43.165, 0.000,0.900, -0.436, 0.018, -179.677, 0.436, 0.899, -0.041, -43.877, 0.001, 0.044, 0.999, 17.528, 0.000, 0.000, 0.000, 1.000,  122 6 12 13 11 28 -185.217 33.1367 -1645.02 -176.778 217.695 -1719.74 -335.731 231.506 -1705 
30 1663.15 30.0016 0.000976562 -0 -0 0.023, -0.046, 0.999, -205.251, -56.688, 0.000,0.867, -0.497, 0.023, -204.790, 0.498, 0.866, -0.046, -57.614, 0.003, 0.051, 0.999, 20.133, 0.000, 0.000, 0.000, 1.000,  122 6 12 13 11 34 -185.886 62.1088 -1650.35 -179.352 241.171 -1737.72 -338.439 254.335 -1723.94 
30 1663.15 30.0023 -0 -0 -0 0.023, -0.046, 0.999, -205.252, -56.685, 0.000,0.867, -0.497, 0.023, -204.792, 0.498, 0.866, -0.046, -57.611, 0.003, 0.051, 0.999, 20.134, 0.000, 0.000, 0.000, 1.000,  122 6 12 13 11 37 -185.885 62.1123 -1650.35 -179.352 241.171 -1737.72 -338.438 254.333 -1723.93 
26 1663.15 26.0006 -0 -0 -0 0.018, -0.041, 0.999, -179.989, -43.154, 0.000,0.900, -0.436, 0.018, -179.668, 0.436, 0.899, -0.041, -43.868, 0.001, 0.045, 0.999, 17.532, 0.000, 0.000, 0.000, 1.000,  122 6 12 13 11 40 -185.222 33.1267 -1645.02 -176.78 217.686 -1719.73 -335.736 231.501 -1705.01 
22 1663.15 22.0002 0.000488281 -0 -0 0.014, -0.035, 0.999, -153.843, -31.435, 0.000,0.928, -0.372, 0.014, -153.630, 0.372, 0.928, -0.035, -31.959, -0.000, 0.038, 0.999, 14.882, 0.000, 0.000, 0.000, 1.000,  122 6 12 13 11 43 -184.862 3.81204 -1641.74 -174.474 192.991 -1703.44 -333.287 207.374 -1687.75 
18 1663.15 18.0005 -0 -0 -0 0.011, -0.029, 1.000, -126.892, -21.438, 0.000,0.952, -0.306, 0.011, -126.763, 0.306, 0.951, -0.029, -21.794, -0.001, 0.031, 1.000, 12.197, 0.000, 0.000, 0.000, 1.000,  122 6 12 13 11 46 -184.803 -25.74 -1640.38 -172.42 167.145 -1688.79 -331.076 182.037 -1672.07 
14 1663.15 14.0007 -0 -0 -0 0.007, -0.022, 1.000, -99.388, -13.385, 0.000,0.971, -0.240, 0.007, -99.319, 0.240, 0.971, -0.022, -13.597, -0.002, 0.023, 1.000, 9.479, 0.000, 0.000, 0.000, 1.000,  122 6 12 13 11 49 -185.02 -55.2401 -1641.02 -170.651 140.397 -1676.12 -329.157 155.711 -1658.25 
10 1663.15 10.001 -0 -0 -0 0.005, -0.016, 1.000, -71.363, -7.126, 0.000,0.985, -0.172, 0.005, -71.333, 0.172, 0.985, -0.016, -7.236, -0.002, 0.017, 1.000, 6.757, 0.000, 0.000, 0.000, 1.000,  122 6 12 13 11 51 -185.546 -84.6653 -1643.66 -169.149 112.777 -1665.16 -327.506 128.45 -1646.24 
6 1663.15 6.00133 -0 -0 -0 0.002, -0.010, 1.000, -42.982, -2.799, 0.000,0.995, -0.103, 0.002, -42.973, 0.103, 0.995, -0.010, -2.840, -0.001, 0.010, 1.000, 4.041, 0.000, 0.000, 0.000, 1.000,  122 6 12 13 11 54 -186.364 -113.814 -1648.27 -167.949 84.4417 -1656.14 -326.156 100.414 -1636.21 
2 1663.15 2.00024 0.000488281 -0 -0 0.001, -0.003, 1.000, -14.357, -0.457, 0.000,0.999, -0.035, 0.001, -14.356, 0.035, 0.999, -0.003, -0.461, -0.000, 0.003, 1.000, 1.339, 0.000, 0.000, 0.000, 1.000,  122 6 12 13 11 57 -187.478 -142.597 -1654.87 -167.049 55.5417 -1649.16 -325.104 71.7173 -1628.09 
-2 1663.15 -1.99947 -0 -0 -0 -0.001, 0.003, 1.000, 14.342, -0.080, 0.000,0.999, 0.035, -0.001, 14.343, -0.035, 0.999, 0.003, -0.085, 0.001, -0.003, 1.000, -1.335, 0.000, 0.000, 0.000, 1.000,  122 6 12 13 12 0 -188.876 -170.823 -1663.46 -166.447 26.2332 -1644.15 -324.337 42.5443 -1622.01 
-6 1663.15 -5.99986 -0.000488281 -0 -0 -0.001, 0.010, 1.000, 43.009, -1.649, 0.000,0.995, 0.103, -0.001, 43.015, -0.103, 0.995, 0.010, -1.689, 0.002, -0.010, 1.000, -3.972, 0.000, 0.000, 0.000, 1.000,  122 6 12 13 12 3 -190.544 -198.384 -1673.9 -166.15 -3.37617 -1641.2 -323.87 12.9831 -1617.93 
-10 1663.15 -9.99751 -0 -0 -0 -0.002, 0.017, 1.000, 71.451, -5.130, 0.000,0.985, 0.171, -0.002, 71.462, -0.171, 0.985, 0.017, -5.242, 0.005, -0.017, 1.000, -6.539, 0.000, 0.000, 0.000, 1.000,  122 6 12 13 12 6 -192.483 -225.094 -1686.1 -166.167 -33.0803 -1640.29 -323.7 -16.7386 -1615.87 
-14 1663.15 -14 0.000488281 -0 -0 -0.002, 0.023, 1.000, 99.641, -10.583, 0.000,0.971, 0.238, -0.002, 99.656, -0.238, 0.971, 0.023, -10.795, 0.007, -0.022, 1.000, -9.039, 0.000, 0.000, 0.000, 1.000,  122 6 12 13 12 8 -194.711 -250.926 -1700.19 -166.481 -62.8404 -1641.4 -323.847 -46.5942 -1615.93 
-18 1663.15 -17.999 0.000976562 -0 -0 -0.001, 0.030, 1.000, 127.339, -17.961, 0.000,0.953, 0.304, -0.001, 127.354, -0.304, 0.952, 0.030, -18.299, 0.010, -0.028, 1.000, -11.455, 0.000, 0.000, 0.000, 1.000,  122 6 12 13 12 11 -197.18 -275.656 -1715.98 -167.111 -92.4026 -1644.58 -324.322 -76.3229 -1618.14 
-22 1663.15 -22.0001 -0.000976562 -0 -0 -0.000, 0.036, 0.999, 154.499, -27.326, 0.000,0.930, 0.368, -0.000, 154.505, -0.368, 0.929, 0.036, -27.822, 0.014, -0.033, 0.999, -13.780, 0.000, 0.000, 0.000, 1.000,  122 6 12 13 12 14 -199.913 -299.244 -1733.54 -168.054 -121.695 -1649.89 -325.089 -105.862 -1622.41 
-26 1663.15 -25.9998 -0 -0 -0 0.001, 0.042, 0.999, 180.911, -38.547, 0.000,0.902, 0.431, 0.001, 180.901, -0.431, 0.902, 0.042, -39.218, 0.018, -0.038, 0.999, -16.002, 0.000, 0.000, 0.000, 1.000,  122 6 12 13 12 17 -202.875 -321.5 -1752.66 -169.285 -150.516 -1657.24 -326.176 -134.996 -1628.82 
-30 1663.15 -29.9988 -0.000488281 -0 -0 0.002, 0.048, 0.999, 206.507, -51.626, 0.000,0.871, 0.492, 0.002, 206.467, -0.492, 0.869, 0.048, -52.495, 0.022, -0.043, 0.999, -18.107, 0.000, 0.000, 0.000, 1.000,  122 6 12 13 12 20 -206.066 -342.382 -1773.38 -170.82 -178.753 -1666.56 -327.574 -163.629 -1637.22 
-30 1663.15 -29.9981 -0 -0 -0 0.002, 0.048, 0.999, 206.506, -51.627, 0.000,0.871, 0.492, 0.002, 206.464, -0.492, 0.870, 0.048, -52.498, 0.022, -0.043, 0.999, -18.107, 0.000, 0.000, 0.000, 1.000,  122 6 12 13 12 26 -206.065 -342.381 -1773.37 -170.82 -178.747 -1666.57 -327.573 -163.625 -1637.21 
-26 1663.15 -25.9991 0.000976562 -0 -0 0.001, 0.042, 0.999, 180.887, -38.538, 0.000,0.902, 0.431, 0.001, 180.878, -0.431, 0.902, 0.042, -39.207, 0.018, -0.038, 0.999, -15.998, 0.000, 0.000, 0.000, 1.000,  122 6 12 13 12 32 -202.877 -321.481 -1752.65 -169.283 -150.491 -1657.22 -326.181 -134.969 -1628.83 
-22 1663.15 -21.9973 -0.000488281 -0 -0 -0.000, 0.036, 0.999, 154.478, -27.333, 0.000,0.930, 0.368, -0.000, 154.484, -0.368, 0.929, 0.036, -27.828, 0.014, -0.033, 0.999, -13.771, 0.000, 0.000, 0.000, 1.000,  122 6 12 13 12 38 -199.921 -299.228 -1733.54 -168.059 -121.668 -1649.9 -325.093 -105.834 -1622.43 
-18 1663.15 -17.9983 -0 -0 -0 -0.001, 0.030, 1.000, 127.319, -17.954, 0.000,0.953, 0.304, -0.001, 127.334, -0.304, 0.952, 0.030, -18.292, 0.010, -0.028, 1.000, -11.448, 0.000, 0.000, 0.000, 1.000,  122 6 12 13 12 44 -197.183 -275.641 -1715.98 -167.115 -92.3777 -1644.57 -324.318 -76.3014 -1618.12 
-14 1663.15 -13.9986 0.000976562 -0 -0 -0.002, 0.023, 1.000, 99.617, -10.561, 0.000,0.971, 0.238, -0.002, 99.633, -0.238, 0.971, 0.023, -10.773, 0.007, -0.022, 1.000, -9.033, 0.000, 0.000, 0.000, 1.000,  122 6 12 13 12 50 -194.714 -250.903 -1700.17 -166.479 -62.8194 -1641.38 -323.843 -46.5693 -1615.91 
-10 1663.15 -9.9982 0.00195312 -0 -0 -0.002, 0.017, 1.000, 71.437, -5.151, 0.000,0.985, 0.171, -0.002, 71.448, -0.171, 0.985, 0.017, -5.263, 0.005, -0.016, 1.000, -6.533, 0.000, 0.000, 0.000, 1.000,  122 6 12 13 12 56 -192.491 -225.079 -1686.12 -166.173 -33.0632 -1640.31 -323.704 -16.7126 -1615.89 
-6 1663.15 -5.99849 0.000488281 -0 -0 -0.001, 0.010, 1.000, 42.991, -1.643, 0.000,0.995, 0.103, -0.001, 42.996, -0.103, 0.995, 0.010, -1.683, 0.002, -0.010, 1.000, -3.967, 0.000, 0.000, 0.000, 1.000,  122 6 12 13 13 2 -190.545 -198.363 -1673.88 -166.152 -3.36164 -1641.2 -323.867 13.0022 -1617.92 
-2 1663.15 -1.99809 0.000488281 -0 -0 -0.001, 0.003, 1.000, 14.331, -0.084, 0.000,0.999, 0.035, -0.001, 14.332, -0.035, 0.999, 0.003, -0.089, 0.001, -0.003, 1.000, -1.328, 0.000, 0.000, 0.000, 1.000,  122 6 12 13 13 8 -188.886 -170.811 -1663.46 -166.451 26.2451 -1644.15 -324.337 42.565 -1622.03 
2 1663.15 2.00162 -0.000488281 -0 -0 0.001, -0.003, 1.000, -14.373, -0.449, 0.000,0.999, -0.035, 0.001, -14.372, 0.035, 0.999, -0.003, -0.454, -0.000, 0.003, 1.000, 1.342, 0.000, 0.000, 0.000, 1.000,  122 6 12 13 13 14 -187.481 -142.578 -1654.86 -167.047 55.5541 -1649.15 -325.095 71.7372 -1628.08 
6 1663.15 6.0027 -0 -0 -0 0.002, -0.010, 1.000, -42.990, -2.774, 0.000,0.995, -0.103, 0.002, -42.981, 0.103, 0.995, -0.010, -2.814, -0.001, 0.010, 1.000, 4.046, 0.000, 0.000, 0.000, 1.000,  122 6 12 13 13 20 -186.369 -113.806 -1648.23 -167.947 84.4469 -1656.12 -326.145 100.428 -1636.18 
10 1663.15 10.0017 -0.000488281 -0 -0 0.004, -0.016, 1.000, -71.371, -7.131, 0.000,0.985, -0.172, 0.004, -71.341, 0.172, 0.985, -0.016, -7.240, -0.002, 0.017, 1.000, 6.761, 0.000, 0.000, 0.000, 1.000,  122 6 12 13 13 26 -185.554 -84.6523 -1643.64 -169.149 112.782 -1665.17 -327.503 128.463 -1646.26 
14 1663.15 14.0014 -0 -0 -0 0.007, -0.022, 1.000, -99.397, -13.372, 0.000,0.971, -0.240, 0.007, -99.329, 0.240, 0.970, -0.022, -13.584, -0.002, 0.023, 1.000, 9.480, 0.000, 0.000, 0.000, 1.000,  122 6 12 13 13 32 -185.022 -55.2314 -1641 -170.645 140.406 -1676.12 -329.15 155.732 -1658.25 
18 1663.15 18.0011 -0.000488281 -0 -0 0.010, -0.029, 1.000, -126.907, -21.437, 0.000,0.952, -0.306, 0.010, -126.779, 0.306, 0.951, -0.029, -21.792, -0.001, 0.031, 1.000, 12.199, 0.000, 0.000, 0.000, 1.000,  122 6 12 13 13 38 -184.804 -25.7201 -1640.36 -172.419 167.157 -1688.8 -331.07 182.057 -1672.07 
22 1663.15 22.0009 -0.000488281 -0 -0 0.014, -0.035, 0.999, -153.861, -31.417, 0.000,0.928, -0.372, 0.014, -153.649, 0.372, 0.927, -0.035, -31.940, -0.000, 0.038, 0.999, 14.884, 0.000, 0.000, 0.000, 1.000,  122 6 12 13 13 44 -184.865 3.83296 -1641.71 -174.468 193.005 -1703.42 -333.279 207.389 -1687.72 
26 1663.15 26.0019 -0 -0 0.000223007 0.018, -0.041, 0.999, -180.005, -43.148, 0.000,0.900, -0.436, 0.018, -179.683, 0.436, 0.899, -0.041, -43.862, 0.001, 0.045, 0.999, 17.531, 0.000, 0.000, 0.000, 1.000,  122 6 12 13 13 50 -185.22 33.1439 -1645.02 -176.776 217.699 -1719.71 -335.731 231.517 -1705 
30 1663.15 30.0016 -0 -0 -0 0.023, -0.046, 0.999, -205.260, -56.685, 0.000,0.867, -0.498, 0.023, -204.800, 0.498, 0.866, -0.046, -57.612, 0.003, 0.051, 0.999, 20.133, 0.000, 0.000, 0.000, 1.000,  122 6 12 13 13 56 -185.882 62.1167 -1650.33 -179.352 241.181 -1737.74 -338.442 254.345 -1723.95 
30 1663.15 30.001 -0.000976562 -0 -0 0.023, -0.046, 0.999, -205.260, -56.683, 0.000,0.867, -0.497, 0.023, -204.800, 0.498, 0.866, -0.046, -57.610, 0.003, 0.051, 0.999, 20.137, 0.000, 0.000, 0.000, 1.000,  122 6 12 13 13 59 -185.889 62.1194 -1650.34 -179.353 241.179 -1737.72 -338.438 254.344 -1723.95 
26 1663.15 26.0013 -0.000488281 -0 -0 0.018, -0.041, 0.999, -179.999, -43.145, 0.000,0.900, -0.436, 0.018, -179.678, 0.436, 0.899, -0.041, -43.859, 0.001, 0.045, 0.999, 17.533, 0.000, 0.000, 0.000, 1.000,  122 6 12 13 14 2 -185.221 33.138 -1645.01 -176.78 217.694 -1719.72 -335.735 231.506 -1705 
22 1663.15 22.0002 -0 -0 -0 0.014, -0.035, 0.999, -153.857, -31.421, 0.000,0.928, -0.372, 0.014, -153.644, 0.372, 0.928, -0.035, -31.945, -0.000, 0.038, 0.999, 14.885, 0.000, 0.000, 0.000, 1.000,  122 6 12 13 14 5 -184.863 3.82552 -1641.73 -174.472 193.002 -1703.42 -333.285 207.387 -1687.74 
18 1663.15 18.0005 -0 -0 -0 0.011, -0.029, 1.000, -126.902, -21.427, 0.000,0.952, -0.306, 0.011, -126.773, 0.306, 0.951, -0.029, -21.782, -0.001, 0.031, 1.000, 12.198, 0.000, 0.000, 0.000, 1.000,  122 6 12 13 14 7 -184.802 -25.7282 -1640.36 -172.419 167.151 -1688.79 -331.079 182.046 -1672.06 
14 1663.15 14.0001 0.000976562 -0 -0 0.007, -0.022, 1.000, -99.396, -13.374, 0.000,0.971, -0.240, 0.007, -99.328, 0.240, 0.971, -0.022, -13.586, -0.002, 0.023, 1.000, 9.481, 0.000, 0.000, 0.000, 1.000,  122 6 12 13 14 10 -185.022 -55.2348 -1641.01 -170.65 140.407 -1676.11 -329.154 155.721 -1658.24 
10 1663.15 10.001 -0.000488281 -0 -0 0.004, -0.016, 1.000, -71.370, -7.123, 0.000,0.985, -0.172, 0.004, -71.339, 0.172, 0.985, -0.016, -7.232, -0.002, 0.017, 1.000, 6.759, 0.000, 0.000, 0.000, 1.000,  122 6 12 13 14 13 -185.547 -84.6573 -1643.63 -169.15 112.782 -1665.17 -327.508 128.456 -1646.26 
6 1663.15 6.00064 -0.000488281 -0 -0 0.002, -0.010, 1.000, -42.984, -2.789, 0.000,0.995, -0.103, 0.002, -42.975, 0.103, 0.995, -0.010, -2.829, -0.001, 0.010, 1.000, 4.042, 0.000, 0.000, 0.000, 1.000,  122 6 12 13 14 16 -186.366 -113.813 -1648.25 -167.946 84.443 -1656.14 -326.15 100.415 -1636.19 
2 1663.15 2.00093 -0 -0 -0 0.001, -0.003, 1.000, -14.365, -0.442, 0.000,0.999, -0.035, 0.001, -14.364, 0.035, 0.999, -0.003, -0.446, -0.000, 0.003, 1.000, 1.341, 0.000, 0.000, 0.000, 1.000,  122 6 12 13 14 19 -187.477 -142.587 -1654.85 -167.048 55.5449 -1649.15 -325.104 71.7207 -1628.09 
-2 1663.15 -2.00015 -0 -0 -0 -0.001, 0.003, 1.000, 14.334, -0.073, 0.000,0.999, 0.035, -0.001, 14.334, -0.035, 0.999, 0.003, -0.077, 0.001, -0.003, 1.000, -1.330, 0.000, 0.000, 0.000, 1.000,  122 6 12 13 14 22 -188.88 -170.813 -1663.45 -166.449 26.2391 -1644.15 -324.336 42.5528 -1622 
-6 1663.15 -5.99918 0.000488281 -0 -0 -0.001, 0.010, 1.000, 43.002, -1.657, 0.000,0.995, 0.103, -0.001, 43.008, -0.103, 0.995, 0.010, -1.697, 0.002, -0.010, 1.000, -3.971, 0.000, 0.000, 0.000, 1.000,  122 6 12 13 14 24 -190.542 -198.378 -1673.9 -166.153 -3.3677 -1641.21 -323.867 12.9876 -1617.92 
-10 1663.15 -9.99889 0.000488281 -0 -0 -0.002, 0.017, 1.000, 71.442, -5.128, 0.000,0.985, 0.171, -0.002, 71.453, -0.171, 0.985, 0.017, -5.239, 0.005, -0.016, 1.000, -6.535, 0.000, 0.000, 0.000, 1.000,  122 6 12 13 14 27 -192.487 -225.085 -1686.1 -166.169 -33.0707 -1640.29 -323.702 -16.7299 -1615.88 
-14 1663.15 -14 -0.000488281 -0 -0 -0.002, 0.023, 1.000, 99.636, -10.568, 0.000,0.971, 0.238, -0.002, 99.651, -0.238, 0.971, 0.023, -10.780, 0.007, -0.022, 1.000, -9.038, 0.000, 0.000, 0.000, 1.000,  122 6 12 13 14 30 -194.712 -250.92 -1700.19 -166.477 -62.8381 -1641.38 -323.844 -46.5927 -1615.91 
-18 1663.15 -17.9983 0.00146484 -0 -0 -0.001, 0.030, 1.000, 127.329, -17.966, 0.000,0.953, 0.304, -0.001, 127.344, -0.304, 0.952, 0.030, -18.304, 0.010, -0.028, 1.000, -11.451, 0.000, 0.000, 0.000, 1.000,  122 6 12 13 14 33 -197.184 -275.648 -1716 -167.114 -92.3883 -1644.58 -324.325 -76.3163 -1618.13 
-22 1663.15 -21.9987 -0.000976562 -0 -0 -0.000, 0.036, 0.999, 154.493, -27.331, 0.000,0.930, 0.369, -0.000, 154.500, -0.368, 0.929, 0.036, -27.826, 0.014, -0.033, 0.999, -13.776, 0.000, 0.000, 0.000, 1.000,  122 6 12 13 14 36 -199.919 -299.241 -1733.56 -168.055 -121.687 -1649.89 -325.091 -105.857 -1622.42 
-26 1663.15 -25.9991 -0 -0 -0 0.001, 0.042, 0.999, 180.901, -38.546, -0.000,0.902, 0.431, 0.001, 180.891, -0.431, 0.901, 0.042, -39.217, 0.017, -0.038, 0.999, -15.999, 0.000, 0.000, 0.000, 1.000,  122 6 12 13 14 39 -202.877 -321.492 -1752.66 -169.287 -150.503 -1657.23 -326.183 -134.99 -1628.83 
-30 1663.15 -29.9995 -0.000488281 -0 -0 0.002, 0.048, 0.999, 206.500, -51.641, 0.000,0.871, 0.492, 0.002, 206.459, -0.492, 0.870, 0.048, -52.511, 0.022, -0.043, 0.999, -18.103, 0.000, 0.000, 0.000, 1.000,  122 6 12 13 14 41 -206.072 -342.376 -1773.38 -170.824 -178.741 -1666.58 -327.576 -163.618 -1637.22 
-30 1663.15 -29.9988 -0.000488281 -0 -0 0.002, 0.048, 0.999, 206.501, -51.643, 0.000,0.871, 0.492, 0.002, 206.459, -0.491, 0.870, 0.048, -52.516, 0.022, -0.043, 0.999, -18.101, 0.000, 0.000, 0.000, 1.000,  122 6 12 13 14 47 -206.073 -342.373 -1773.37 -170.828 -178.742 -1666.6 -327.576 -163.616 -1637.21 
-26 1663.15 -25.9984 -0.000488281 -0 -0 0.001, 0.042, 0.999, 180.878, -38.531, 0.000,0.902, 0.431, 0.001, 180.869, -0.431, 0.902, 0.042, -39.200, 0.018, -0.038, 0.999, -15.996, 0.000, 0.000, 0.000, 1.000,  122 6 12 13 14 53 -202.878 -321.477 -1752.64 -169.283 -150.478 -1657.21 -326.176 -134.962 -1628.83 
-22 1663.15 -21.998 0.000488281 -0 -0 -0.001, 0.036, 0.999, 154.467, -27.313, 0.000,0.930, 0.368, -0.001, 154.474, -0.368, 0.929, 0.036, -27.805, 0.014, -0.033, 0.999, -13.773, 0.000, 0.000, 0.000, 1.000,  122 6 12 13 14 59 -199.918 -299.219 -1733.53 -168.051 -121.66 -1649.87 -325.088 -105.829 -1622.43 
-18 1663.15 -17.9983 -0.000488281 -0 -0 -0.001, 0.030, 1.000, 127.316, -17.972, 0.000,0.953, 0.304, -0.001, 127.331, -0.304, 0.952, 0.030, -18.311, 0.010, -0.028, 1.000, -11.452, 0.000, 0.000, 0.000, 1.000,  122 6 12 13 15 5 -197.182 -275.636 -1715.99 -167.112 -92.3738 -1644.6 -324.319 -76.2952 -1618.14 
-14 1663.15 -13.9986 0.000488281 -0 -0 -0.002, 0.024, 1.000, 99.613, -10.581, 0.000,0.971, 0.238, -0.002, 99.628, -0.238, 0.971, 0.024, -10.794, 0.007, -0.023, 1.000, -9.034, 0.000, 0.000, 0.000, 1.000,  122 6 12 13 15 11 -194.714 -250.899 -1700.17 -166.482 -62.8118 -1641.41 -323.844 -46.5651 -1615.92 
-10 1663.15 -9.99751 -0 -0 -0 -0.002, 0.017, 1.000, 71.424, -5.147, 0.000,0.985, 0.171, -0.002, 71.435, -0.171, 0.985, 0.017, -5.258, 0.005, -0.017, 1.000, -6.535, 0.000, 0.000, 0.000, 1.000,  122 6 12 13 15 18 -192.486 -225.065 -1686.11 -166.168 -33.0524 -1640.31 -323.695 -16.7017 -1615.89 
-6 1663.15 -5.9978 -0 -0 -0 -0.001, 0.010, 1.000, 42.986, -1.650, 0.000,0.995, 0.103, -0.001, 42.991, -0.103, 0.995, 0.010, -1.690, 0.002, -0.010, 1.000, -3.967, 0.000, 0.000, 0.000, 1.000,  122 6 12 13 15 24 -190.545 -198.358 -1673.89 -166.154 -3.35497 -1641.21 -323.866 13.0078 -1617.91 
-2 1663.15 -1.99741 0.000488281 -0 -0 -0.001, 0.003, 1.000, 14.324, -0.087, 0.000,0.999, 0.035, -0.001, 14.325, -0.035, 0.999, 0.003, -0.091, 0.001, -0.003, 1.000, -1.328, 0.000, 0.000, 0.000, 1.000,  122 6 12 13 15 30 -188.886 -170.803 -1663.46 -166.45 26.2515 -1644.17 -324.335 42.5692 -1622.01 
2 1663.15 2.00162 0.000488281 -0 -0 0.001, -0.003, 1.000, -14.377, -0.451, 0.000,0.999, -0.035, 0.001, -14.376, 0.035, 0.999, -0.003, -0.456, -0.000, 0.003, 1.000, 1.344, 0.000, 0.000, 0.000, 1.000,  122 6 12 13 15 36 -187.483 -142.577 -1654.86 -167.048 55.561 -1649.16 -325.101 71.7405 -1628.09 
6 1663.15 6.00201 -0.000488281 -0 -0 0.002, -0.010, 1.000, -42.992, -2.804, 0.000,0.995, -0.103, 0.002, -42.983, 0.103, 0.995, -0.010, -2.844, -0.001, 0.010, 1.000, 4.044, 0.000, 0.000, 0.000, 1.000,  122 6 12 13 15 42 -186.371 -113.804 -1648.27 -167.946 84.4532 -1656.15 -326.147 100.429 -1636.19 
10 1663.15 10.0017 -0 -0 -0 0.004, -0.016, 1.000, -71.375, -7.131, 0.000,0.985, -0.172, 0.004, -71.345, 0.172, 0.985, -0.016, -7.240, -0.002, 0.017, 1.000, 6.760, 0.000, 0.000, 0.000, 1.000,  122 6 12 13 15 48 -185.55 -84.6495 -1643.64 -169.15 112.787 -1665.18 -327.504 128.471 -1646.25 
14 1663.15 14.0007 -0.000488281 -0 -0 0.007, -0.022, 1.000, -99.403, -13.386, 0.000,0.971, -0.240, 0.007, -99.335, 0.240, 0.971, -0.022, -13.599, -0.002, 0.024, 1.000, 9.481, 0.000, 0.000, 0.000, 1.000,  122 6 12 13 15 54 -185.024 -55.2233 -1641.02 -170.65 140.412 -1676.12 -329.155 155.735 -1658.26 
18 1663.15 18.0018 0.000976562 -0 -0 0.010, -0.029, 1.000, -126.912, -21.440, 0.000,0.952, -0.306, 0.010, -126.784, 0.306, 0.951, -0.029, -21.794, -0.001, 0.031, 1.000, 12.195, 0.000, 0.000, 0.000, 1.000,  122 6 12 13 16 0 -184.8 -25.7154 -1640.37 -172.416 167.162 -1688.8 -331.066 182.063 -1672.07 
22 1663.15 22.0009 -0.000488281 -0 -0 0.014, -0.035, 0.999, -153.866, -31.408, 0.000,0.928, -0.372, 0.014, -153.652, 0.372, 0.928, -0.035, -31.934, -0.000, 0.038, 0.999, 14.883, 0.000, 0.000, 0.000, 1.000,  122 6 12 13 16 6 -184.862 3.8354 -1641.74 -174.465 193.007 -1703.38 -333.276 207.393 -1687.73 
26 1663.15 26.0013 -0 -0 -0 0.018, -0.041, 0.999, -180.009, -43.168, 0.000,0.900, -0.436, 0.018, -179.688, 0.436, 0.899, -0.041, -43.881, 0.001, 0.045, 0.999, 17.529, 0.000, 0.000, 0.000, 1.000,  122 6 12 13 16 12 -185.219 33.1504 -1645.03 -176.777 217.705 -1719.74 -335.732 231.516 -1705.01 
30 1663.15 30.0023 0.000488281 -0 -0 0.023, -0.046, 0.999, -205.263, -56.684, 0.000,0.867, -0.497, 0.023, -204.803, 0.498, 0.866, -0.046, -57.609, 0.003, 0.051, 0.999, 20.134, 0.000, 0.000, 0.000, 1.000,  122 6 12 13 16 18 -185.882 62.1237 -1650.33 -179.352 241.181 -1737.73 -338.439 254.344 -1723.93 
30 1663.15 30.0016 -0.000488281 -0 -0 0.023, -0.046, 0.999, -205.263, -56.673, 0.000,0.867, -0.497, 0.023, -204.803, 0.498, 0.866, -0.046, -57.600, 0.003, 0.051, 0.999, 20.135, 0.000, 0.000, 0.000, 1.000,  122 6 12 13 16 21 -185.883 62.1251 -1650.33 -179.351 241.179 -1737.72 -338.435 254.347 -1723.93 
26 1663.15 26.0006 -0 -0 -0 0.018, -0.041, 0.999, -180.000, -43.160, 0.000,0.900, -0.436, 0.018, -179.679, 0.436, 0.899, -0.041, -43.873, 0.001, 0.045, 0.999, 17.533, 0.000, 0.000, 0.000, 1.000,  122 6 12 13 16 23 -185.222 33.1383 -1645.02 -176.782 217.698 -1719.73 -335.735 231.506 -1705 
22 1663.15 22.0002 0.000976562 -0 -0 0.014, -0.035, 0.999, -153.857, -31.425, 0.000,0.928, -0.372, 0.014, -153.645, 0.372, 0.928, -0.035, -31.950, -0.000, 0.038, 0.999, 14.887, 0.000, 0.000, 0.000, 1.000,  122 6 12 13 16 26 -184.869 3.82679 -1641.73 -174.472 193.004 -1703.42 -333.285 207.384 -1687.74 
18 1663.15 18.0005 -0.000976562 -0 -0 0.011, -0.029, 1.000, -126.899, -21.441, 0.000,0.952, -0.306, 0.011, -126.770, 0.306, 0.952, -0.029, -21.795, -0.001, 0.031, 1.000, 12.193, 0.000, 0.000, 0.000, 1.000,  122 6 12 13 16 29 -184.798 -25.7306 -1640.39 -172.416 167.149 -1688.78 -331.07 182.046 -1672.05 
14 1663.15 14.0007 0.000488281 -0 -0 0.007, -0.022, 1.000, -99.398, -13.363, 0.000,0.971, -0.240, 0.007, -99.329, 0.240, 0.971, -0.022, -13.575, -0.002, 0.023, 1.000, 9.479, 0.000, 0.000, 0.000, 1.000,  122 6 12 13 16 32 -185.016 -55.23 -1641 -170.648 140.403 -1676.1 -329.151 155.721 -1658.23 
10 1663.15 10.0017 -0.000488281 -0 -0 0.004, -0.016, 1.000, -71.375, -7.125, 0.000,0.985, -0.172, 0.004, -71.345, 0.172, 0.985, -0.016, -7.234, -0.002, 0.017, 1.000, 6.757, 0.000, 0.000, 0.000, 1.000,  122 6 12 13 16 35 -185.544 -84.6491 -1643.63 -169.149 112.785 -1665.17 -327.501 128.46 -1646.25 
6 1663.15 6.00201 -0 -0 -0 0.002, -0.010, 1.000, -42.988, -2.790, 0.000,0.995, -0.103, 0.002, -42.978, 0.103, 0.995, -0.010, -2.830, -0.001, 0.010, 1.000, 4.036, 0.000, 0.000, 0.000, 1.000,  122 6 12 13 16 38 -186.358 -113.809 -1648.25 -167.941 84.4452 -1656.14 -326.148 100.419 -1636.19 
2 1663.15 2.00024 -0 -0 -0 0.001, -0.003, 1.000, -14.368, -0.446, 0.000,0.999, -0.035, 0.001, -14.367, 0.035, 0.999, -0.003, -0.451, -0.000, 0.003, 1.000, 1.337, 0.000, 0.000, 0.000, 1.000,  122 6 12 13 16 40 -187.474 -142.584 -1654.86 -167.044 55.5492 -1649.15 -325.098 71.7259 -1628.09 
-2 1663.15 -1.99878 0.000976562 -0 -0 -0.001, 0.003, 1.000, 14.333, -0.084, 0.000,0.999, 0.034, -0.001, 14.334, -0.034, 0.999, 0.003, -0.088, 0.001, -0.003, 1.000, -1.339, 0.000, 0.000, 0.000, 1.000,  122 6 12 13 16 43 -188.874 -170.811 -1663.45 -166.442 26.2373 -1644.17 -324.336 42.5532 -1622.03 
-6 1663.15 -5.99986 -0 -0 -0 -0.001, 0.010, 1.000, 43.002, -1.660, 0.000,0.995, 0.103, -0.001, 43.008, -0.103, 0.995, 0.010, -1.701, 0.002, -0.010, 1.000, -3.976, 0.000, 0.000, 0.000, 1.000,  122 6 12 13 16 46 -190.538 -198.373 -1673.9 -166.149 -3.37302 -1641.22 -323.863 12.989 -1617.92 
-10 1663.15 -9.99889 0.000488281 -0 -0 -0.002, 0.017, 1.000, 71.438, -5.132, 0.000,0.985, 0.171, -0.002, 71.449, -0.171, 0.985, 0.017, -5.242, 0.005, -0.016, 1.000, -6.542, 0.000, 0.000, 0.000, 1.000,  122 6 12 13 16 49 -192.481 -225.076 -1686.09 -166.161 -33.0725 -1640.3 -323.697 -16.7261 -1615.9 
-14 1663.15 -14 0.000976562 -0 -0 -0.002, 0.024, 1.000, 99.634, -10.605, 0.000,0.971, 0.238, -0.002, 99.649, -0.238, 0.971, 0.024, -10.819, 0.007, -0.023, 1.000, -9.040, 0.000, 0.000, 0.000, 1.000,  122 6 12 13 16 52 -194.712 -250.917 -1700.22 -166.482 -62.8316 -1641.42 -323.844 -46.5847 -1615.93 
-18 1663.15 -17.9997 -0.000488281 -0 -0 -0.001, 0.030, 1.000, 127.336, -17.979, 0.000,0.953, 0.304, -0.001, 127.351, -0.304, 0.952, 0.030, -18.318, 0.010, -0.028, 1.000, -11.459, 0.000, 0.000, 0.000, 1.000,  122 6 12 13 16 55 -197.179 -275.652 -1716.01 -167.109 -92.399 -1644.6 -324.32 -76.32 -1618.13 
-22 1663.15 -21.9994 -0.000488281 -0 -0 -0.000, 0.036, 0.999, 154.490, -27.327, 0.000,0.930, 0.369, -0.000, 154.497, -0.368, 0.929, 0.036, -27.821, 0.014, -0.033, 0.999, -13.783, 0.000, 0.000, 0.000, 1.000,  122 6 12 13 16 57 -199.911 -299.238 -1733.55 -168.048 -121.687 -1649.89 -325.09 -105.855 -1622.44 
-26 1663.15 -26.0005 0.000976562 -0 -0 0.001, 0.042, 0.999, 180.901, -38.559, 0.000,0.902, 0.431, 0.001, 180.891, -0.431, 0.901, 0.042, -39.229, 0.017, -0.038, 0.999, -16.006, 0.000, 0.000, 0.000, 1.000,  122 6 12 13 17 0 -202.873 -321.494 -1752.68 -169.28 -150.502 -1657.24 -326.174 -134.985 -1628.84 
-30 1663.15 -29.9981 -0 -0 -0 0.002, 0.048, 0.999, 206.498, -51.633, 0.000,0.871, 0.492, 0.002, 206.457, -0.492, 0.870, 0.048, -52.503, 0.022, -0.043, 0.999, -18.112, 0.000, 0.000, 0.000, 1.000,  122 6 12 13 17 3 -206.059 -342.372 -1773.37 -170.818 -178.743 -1666.58 -327.57 -163.619 -1637.22 
-30 1663.15 -29.9981 -0.000488281 -0 -0 0.002, 0.048, 0.999, 206.496, -51.611, 0.000,0.871, 0.492, 0.002, 206.455, -0.492, 0.870, 0.048, -52.481, 0.022, -0.043, 0.999, -18.109, 0.000, 0.000, 0.000, 1.000,  122 6 12 13 17 9 -206.061 -342.37 -1773.35 -170.815 -178.744 -1666.55 -327.566 -163.62 -1637.2 
-26 1663.15 -25.9977 0.000488281 -0 -0 0.001, 0.042, 0.999, 180.873, -38.534, 0.000,0.902, 0.431, 0.001, 180.864, -0.431, 0.902, 0.042, -39.203, 0.018, -0.038, 0.999, -16.001, 0.000, 0.000, 0.000, 1.000,  122 6 12 13 17 15 -202.872 -321.468 -1752.64 -169.278 -150.477 -1657.22 -326.175 -134.956 -1628.84 
-22 1663.15 -21.998 -0.000488281 -0 -0 -0.001, 0.036, 0.999, 154.468, -27.311, 0.000,0.930, 0.368, -0.001, 154.476, -0.368, 0.929, 0.036, -27.803, 0.014, -0.033, 0.999, -13.777, 0.000, 0.000, 0.000, 1.000,  122 6 12 13 17 21 -199.913 -299.219 -1733.53 -168.047 -121.665 -1649.87 -325.086 -105.828 -1622.43 
-18 1663.15 -17.9976 -0.000488281 -0 -0 -0.001, 0.030, 1.000, 127.320, -17.977, 0.000,0.953, 0.304, -0.001, 127.335, -0.304, 0.952, 0.030, -18.317, 0.010, -0.028, 1.000, -11.453, 0.000, 0.000, 0.000, 1.000,  122 6 12 13 17 27 -197.183 -275.639 -1716 -167.111 -92.378 -1644.59 -324.313 -76.292 -1618.12 
-14 1663.15 -13.9986 -0 -0 -0 -0.002, 0.023, 1.000, 99.615, -10.585, 0.000,0.971, 0.238, -0.002, 99.631, -0.238, 0.971, 0.023, -10.797, 0.007, -0.022, 1.000, -9.033, 0.000, 0.000, 0.000, 1.000,  122 6 12 13 17 33 -194.719 -250.899 -1700.19 -166.479 -62.815 -1641.4 -323.842 -46.5617 -1615.94 
-10 1663.15 -9.9982 -0 -0 -0 -0.002, 0.017, 1.000, 71.423, -5.130, 0.000,0.985, 0.171, -0.002, 71.434, -0.171, 0.985, 0.017, -5.241, 0.005, -0.016, 1.000, -6.532, 0.000, 0.000, 0.000, 1.000,  122 6 12 13 17 39 -192.486 -225.063 -1686.09 -166.17 -33.0547 -1640.29 -323.695 -16.7014 -1615.88 
-6 1663.15 -5.9978 -0 -0 -0 -0.001, 0.010, 1.000, 42.985, -1.659, 0.000,0.995, 0.103, -0.001, 42.991, -0.103, 0.995, 0.010, -1.699, 0.003, -0.010, 1.000, -3.967, 0.000, 0.000, 0.000, 1.000,  122 6 12 13 17 45 -190.55 -198.354 -1673.9 -166.151 -3.35671 -1641.22 -323.867 13.0135 -1617.93 
-2 1663.15 -1.99878 0.000488281 -0 -0 -0.001, 0.003, 1.000, 14.322, -0.093, 0.000,0.999, 0.035, -0.001, 14.323, -0.035, 0.999, 0.003, -0.097, 0.001, -0.003, 1.000, -1.332, 0.000, 0.000, 0.000, 1.000,  122 6 12 13 17 51 -188.882 -170.799 -1663.46 -166.447 26.2502 -1644.17 -324.334 42.5783 -1622.04 
2 1663.15 2.00093 -0.000488281 -0 -0 0.001, -0.003, 1.000, -14.380, -0.443, 0.000,0.999, -0.035, 0.001, -14.380, 0.035, 0.999, -0.003, -0.448, -0.000, 0.003, 1.000, 1.343, 0.000, 0.000, 0.000, 1.000,  122 6 12 13 17 57 -187.48 -142.568 -1654.84 -167.047 55.5583 -1649.16 -325.094 71.7486 -1628.08 
6 1663.15 6.0027 0.000488281 -0 -0 0.002, -0.010, 1.000, -42.996, -2.789, 0.000,0.995, -0.103, 0.002, -42.987, 0.103, 0.995, -0.010, -2.829, -0.001, 0.010, 1.000, 4.043, 0.000, 0.000, 0.000, 1.000,  122 6 12 13 18 3 -186.369 -113.797 -1648.25 -167.942 84.4515 -1656.14 -326.142 100.436 -1636.19 
10 1663.15 10.0024 -0.000488281 -0 -0 0.004, -0.016, 1.000, -71.375, -7.123, 0.000,0.985, -0.172, 0.004, -71.344, 0.172, 0.985, -0.016, -7.233, -0.002, 0.017, 1.000, 6.762, 0.000, 0.000, 0.000, 1.000,  122 6 12 13 18 9 -185.553 -84.6493 -1643.64 -169.149 112.785 -1665.16 -327.505 128.474 -1646.27 
14 1663.15 14.0028 -0 -0 -0 0.007, -0.022, 1.000, -99.405, -13.369, 0.000,0.971, -0.240, 0.007, -99.337, 0.240, 0.971, -0.022, -13.580, -0.002, 0.023, 1.000, 9.479, 0.000, 0.000, 0.000, 1.000,  122 6 12 13 18 15 -185.019 -55.2221 -1641 -170.644 140.412 -1676.11 -329.14 155.735 -1658.22 
18 1663.15 18.0032 0.000976562 -0 -0 0.010, -0.029, 1.000, -126.910, -21.447, 0.000,0.952, -0.306, 0.010, -126.782, 0.306, 0.951, -0.029, -21.802, -0.001, 0.031, 1.000, 12.195, 0.000, 0.000, 0.000, 1.000,  122 6 12 13 18 21 -184.803 -25.7151 -1640.39 -172.415 167.157 -1688.8 -331.069 182.063 -1672.07 
22 1663.15 22.0015 -0 -0 -0 0.014, -0.035, 0.999, -153.865, -31.422, 0.000,0.928, -0.372, 0.014, -153.653, 0.372, 0.928, -0.035, -31.946, -0.000, 0.038, 0.999, 14.884, 0.000, 0.000, 0.000, 1.000,  122 6 12 13 18 27 -184.867 3.83623 -1641.73 -174.466 193.01 -1703.41 -333.275 207.399 -1687.74 
26 1663.15 26.0013 -0 -0 -0 0.018, -0.041, 0.999, -180.009, -43.156, 0.000,0.900, -0.436, 0.018, -179.689, 0.436, 0.899, -0.041, -43.868, 0.001, 0.044, 0.999, 17.529, 0.000, 0.000, 0.000, 1.000,  122 6 12 13 18 33 -185.216 33.1508 -1645 -176.775 217.704 -1719.75 -335.728 231.527 -1705.01 
30 1663.15 30.0023 -0 -0 -0 0.023, -0.046, 0.999, -205.260, -56.694, 0.000,0.867, -0.497, 0.023, -204.801, 0.498, 0.866, -0.046, -57.619, 0.003, 0.051, 0.999, 20.137, 0.000, 0.000, 0.000, 1.000,  122 6 12 13 18 39 -185.891 62.1245 -1650.36 -179.352 241.179 -1737.72 -338.432 254.349 -1723.92 
30 1663.15 30.0016 0.000976562 -0 -0 0.023, -0.046, 0.999, -205.260, -56.694, 0.000,0.867, -0.497, 0.023, -204.802, 0.498, 0.866, -0.046, -57.618, 0.003, 0.051, 0.999, 20.135, 0.000, 0.000, 0.000, 1.000,  122 6 12 13 18 42 -185.888 62.1238 -1650.35 -179.351 241.18 -1737.73 -338.436 254.347 -1723.92 
26 1663.15 26.0013 0.000488281 -0 -0 0.018, -0.041, 0.999, -180.001, -43.146, 0.000,0.900, -0.436, 0.018, -179.680, 0.436, 0.899, -0.041, -43.860, 0.001, 0.045, 0.999, 17.535, 0.000, 0.000, 0.000, 1.000,  122 6 12 13 18 45 -185.224 33.14 -1645.01 -176.779 217.697 -1719.72 -335.732 231.517 -1705.01 
22 1663.15 22.0002 -0 -0 -0 0.014, -0.035, 0.999, -153.855, -31.413, 0.000,0.928, -0.372, 0.014, -153.643, 0.372, 0.928, -0.035, -31.936, -0.000, 0.038, 0.999, 14.886, 0.000, 0.000, 0.000, 1.000,  122 6 12 13 18 48 -184.866 3.82572 -1641.72 -174.47 192.999 -1703.41 -333.278 207.385 -1687.72 
18 1663.15 17.9998 0.000976562 -0 -0 0.011, -0.029, 1.000, -126.898, -21.449, 0.000,0.952, -0.306, 0.011, -126.770, 0.306, 0.951, -0.029, -21.804, -0.001, 0.031, 1.000, 12.196, 0.000, 0.000, 0.000, 1.000,  122 6 12 13 18 51 -184.803 -25.7306 -1640.39 -172.421 167.15 -1688.8 -331.072 182.049 -1672.07 
14 1663.15 14.0001 0.000488281 -0 -0 0.007, -0.022, 1.000, -99.394, -13.386, 0.000,0.971, -0.240, 0.007, -99.326, 0.240, 0.971, -0.022, -13.599, -0.002, 0.023, 1.000, 9.480, 0.000, 0.000, 0.000, 1.000,  122 6 12 13 18 54 -185.022 -55.2334 -1641.02 -170.65 140.403 -1676.13 -329.156 155.725 -1658.26 
10 1663.15 10.001 -0.000488281 -0 -0 0.004, -0.016, 1.000, -71.372, -7.133, 0.000,0.985, -0.172, 0.004, -71.342, 0.172, 0.985, -0.016, -7.242, -0.002, 0.017, 1.000, 6.761, 0.000, 0.000, 0.000, 1.000,  122 6 12 13 18 56 -185.553 -84.6527 -1643.65 -169.15 112.785 -1665.17 -327.502 128.466 -1646.24 
6 1663.15 6.00064 -0 -0 -0 0.002, -0.010, 1.000, -42.983, -2.798, 0.000,0.995, -0.103, 0.002, -42.973, 0.103, 0.995, -0.010, -2.839, -0.001, 0.010, 1.000, 4.041, 0.000, 0.000, 0.000, 1.000,  122 6 12 13 18 59 -186.366 -113.813 -1648.26 -167.947 84.4415 -1656.15 -326.151 100.418 -1636.2 
2 1663.15 1.99956 -0.000976562 -0 -0 0.001, -0.003, 1.000, -14.365, -0.450, 0.000,0.999, -0.035, 0.001, -14.364, 0.035, 0.999, -0.003, -0.455, -0.000, 0.003, 1.000, 1.338, 0.000, 0.000, 0.000, 1.000,  122 6 12 13 19 2 -187.478 -142.588 -1654.87 -167.044 55.5475 -1649.15 -325.104 71.725 -1628.1 
-2 1663.15 -1.99947 0.000488281 -0 -0 -0.001, 0.003, 1.000, 14.332, -0.090, 0.000,0.999, 0.035, -0.001, 14.333, -0.035, 0.999, 0.003, -0.095, 0.001, -0.003, 1.000, -1.331, 0.000, 0.000, 0.000, 1.000,  122 6 12 13 19 5 -188.885 -170.812 -1663.46 -166.448 26.245 -1644.17 -324.33 42.5544 -1622 
-6 1663.15 -5.99986 -0.000976562 -0 -0 -0.001, 0.010, 1.000, 43.003, -1.681, 0.000,0.995, 0.103, -0.001, 43.009, -0.103, 0.995, 0.010, -1.721, 0.002, -0.010, 1.000, -3.971, 0.000, 0.000, 0.000, 1.000,  122 6 12 13 19 8 -190.547 -198.374 -1673.93 -166.155 -3.36913 -1641.23 -323.868 12.9907 -1617.93 
-10 1663.15 -9.99957 0.000976562 -0 -0 -0.002, 0.017, 1.000, 71.443, -5.146, 0.000,0.985, 0.171, -0.002, 71.455, -0.171, 0.985, 0.017, -5.257, 0.005, -0.016, 1.000, -6.536, 0.000, 0.000, 0.000, 1.000,  122 6 12 13 19 11 -192.488 -225.084 -1686.11 -166.169 -33.0728 -1640.31 -323.704 -16.7279 -1615.9 
-14 1663.15 -14.0007 -0.000976562 -0 -0 -0.002, 0.024, 1.000, 99.634, -10.592, 0.000,0.971, 0.238, -0.002, 99.650, -0.238, 0.971, 0.024, -10.805, 0.007, -0.022, 1.000, -9.034, 0.000, 0.000, 0.000, 1.000,  122 6 12 13 19 13 -194.717 -250.916 -1700.2 -166.485 -62.8348 -1641.41 -323.851 -46.5878 -1615.94 
-18 1663.15 -18.0004 -0 -0 -0 -0.001, 0.030, 1.000, 127.337, -17.981, 0.000,0.953, 0.304, -0.001, 127.351, -0.304, 0.952, 0.030, -18.321, 0.010, -0.028, 1.000, -11.452, 0.000, 0.000, 0.000, 1.000,  122 6 12 13 19 16 -197.185 -275.652 -1716 -167.117 -92.398 -1644.61 -324.318 -76.318 -1618.12 
-22 1663.15 -21.9994 -0 -0 -0 -0.000, 0.036, 0.999, 154.491, -27.328, 0.000,0.930, 0.369, -0.000, 154.497, -0.368, 0.929, 0.036, -27.824, 0.014, -0.033, 0.999, -13.779, 0.000, 0.000, 0.000, 1.000,  122 6 12 13 19 19 -199.915 -299.235 -1733.55 -168.053 -121.687 -1649.89 -325.086 -105.854 -1622.41 
-26 1663.15 -25.9998 0.000976562 -0 -0 0.001, 0.042, 0.999, 180.897, -38.542, 0.000,0.902, 0.431, 0.001, 180.886, -0.431, 0.901, 0.042, -39.214, 0.017, -0.038, 0.999, -15.997, 0.000, 0.000, 0.000, 1.000,  122 6 12 13 19 22 -202.878 -321.486 -1752.65 -169.288 -150.5 -1657.23 -326.175 -134.983 -1628.81 
-30 1663.15 -29.9995 -0 -0 -0 0.002, 0.048, 0.999, 206.501, -51.630, 0.000,0.871, 0.492, 0.002, 206.460, -0.492, 0.870, 0.048, -52.501, 0.022, -0.043, 0.999, -18.104, 0.000, 0.000, 0.000, 1.000,  122 6 12 13 19 25 -206.072 -342.372 -1773.37 -170.821 -178.746 -1666.57 -327.57 -163.625 -1637.21 
-30 1663.15 -30.0002 -0 -0 -0 0.002, 0.048, 0.999, 206.504, -51.633, 0.000,0.871, 0.492, 0.002, 206.462, -0.491, 0.870, 0.048, -52.506, 0.022, -0.043, 0.999, -18.099, 0.000, 0.000, 0.000, 1.000,  122 6 12 13 19 31 -206.075 -342.373 -1773.36 -170.829 -178.749 -1666.59 -327.572 -163.621 -1637.2 
-26 1663.15 -25.9984 0.00146484 -0 -0 0.001, 0.042, 0.999, 180.873, -38.525, 0.000,0.902, 0.431, 0.001, 180.864, -0.431, 0.902, 0.042, -39.195, 0.018, -0.038, 0.999, -15.995, 0.000, 0.000, 0.000, 1.000,  122 6 12 13 19 37 -202.876 -321.466 -1752.62 -169.283 -150.479 -1657.22 -326.175 -134.961 -1628.83 
-22 1663.15 -21.998 0.000488281 -0 -0 -0.001, 0.036, 0.999, 154.466, -27.313, 0.000,0.930, 0.369, -0.001, 154.474, -0.368, 0.929, 0.036, -27.805, 0.014, -0.033, 0.999, -13.771, 0.000, 0.000, 0.000, 1.000,  122 6 12 13 19 43 -199.921 -299.216 -1733.53 -168.052 -121.663 -1649.87 -325.091 -105.825 -1622.43 
-18 1663.15 -17.9976 -0.000488281 -0 -0 -0.001, 0.030, 1.000, 127.319, -17.970, 0.000,0.953, 0.304, -0.001, 127.333, -0.304, 0.952, 0.030, -18.312, 0.010, -0.028, 1.000, -11.446, 0.000, 0.000, 0.000, 1.000,  122 6 12 13 19 49 -197.189 -275.634 -1715.98 -167.118 -92.3792 -1644.61 -324.312 -76.2964 -1618.1 
-14 1663.15 -13.9979 0.000488281 -0 -0 -0.002, 0.024, 1.000, 99.617, -10.591, 0.000,0.971, 0.238, -0.002, 99.632, -0.238, 0.971, 0.024, -10.805, 0.007, -0.023, 1.000, -9.027, 0.000, 0.000, 0.000, 1.000,  122 6 12 13 19 55 -194.728 -250.9 -1700.2 -166.485 -62.8145 -1641.41 -323.84 -46.5663 -1615.91 
-10 1663.15 -9.99751 -0 -0 -0 -0.002, 0.017, 1.000, 71.423, -5.127, 0.000,0.985, 0.171, -0.002, 71.434, -0.171, 0.985, 0.017, -5.238, 0.005, -0.016, 1.000, -6.527, 0.000, 0.000, 0.000, 1.000,  122 6 12 13 20 1 -192.495 -225.066 -1686.09 -166.17 -33.0507 -1640.29 -323.698 -16.7022 -1615.87 
-6 1663.15 -5.99849 -0 -0 -0 -0.001, 0.010, 1.000, 42.980, -1.648, 0.000,0.995, 0.103, -0.001, 42.986, -0.103, 0.995, 0.010, -1.689, 0.002, -0.010, 1.000, -3.961, 0.000, 0.000, 0.000, 1.000,  122 6 12 13 20 7 -190.55 -198.35 -1673.88 -166.158 -3.35106 -1641.21 -323.866 13.0159 -1617.9 
-2 1663.15 -1.99741 0.000976562 -0 -0 -0.001, 0.003, 1.000, 14.318, -0.081, 0.000,0.999, 0.034, -0.001, 14.319, -0.034, 0.999, 0.003, -0.085, 0.001, -0.003, 1.000, -1.322, 0.000, 0.000, 0.000, 1.000,  122 6 12 13 20 13 -188.891 -170.797 -1663.44 -166.455 26.2569 -1644.17 -324.334 42.5797 -1622.01 
2 1663.15 2.00162 -0.000488281 -0 -0 0.000, -0.003, 1.000, -14.377, -0.461, 0.000,0.999, -0.035, 0.000, -14.377, 0.035, 0.999, -0.003, -0.466, -0.000, 0.003, 1.000, 1.349, 0.000, 0.000, 0.000, 1.000,  122 6 12 13 20 19 -187.493 -142.574 -1654.87 -167.052 55.5629 -1649.17 -325.105 71.7458 -1628.1 
6 1663.15 6.0027 -0.000976562 -0 -0 0.002, -0.010, 1.000, -42.995, -2.804, 0.000,0.995, -0.103, 0.002, -42.986, 0.103, 0.995, -0.010, -2.844, -0.001, 0.010, 1.000, 4.048, 0.000, 0.000, 0.000, 1.000,  122 6 12 13 20 25 -186.377 -113.799 -1648.26 -167.949 84.4537 -1656.15 -326.145 100.437 -1636.19 
10 1663.15 10.0017 -0 -0 -0 0.004, -0.016, 1.000, -71.371, -7.131, 0.000,0.985, -0.172, 0.004, -71.341, 0.172, 0.985, -0.016, -7.241, -0.002, 0.017, 1.000, 6.769, 0.000, 0.000, 0.000, 1.000,  122 6 12 13 20 31 -185.563 -84.6509 -1643.64 -169.157 112.783 -1665.18 -327.507 128.476 -1646.26 
14 1663.15 14.0014 -0.000488281 -0 -0 0.007, -0.022, 1.000, -99.400, -13.389, 0.000,0.971, -0.240, 0.007, -99.332, 0.240, 0.971, -0.022, -13.602, -0.002, 0.023, 1.000, 9.491, 0.000, 0.000, 0.000, 1.000,  122 6 12 13 20 37 -185.037 -55.2236 -1641.02 -170.656 140.41 -1676.12 -329.157 155.741 -1658.25 
18 1663.15 18.0011 -0.000488281 -0 -0 0.010, -0.029, 1.000, -126.916, -21.419, 0.000,0.952, -0.306, 0.010, -126.788, 0.306, 0.951, -0.029, -21.774, -0.001, 0.031, 1.000, 12.213, 0.000, 0.000, 0.000, 1.000,  122 6 12 13 20 43 -184.815 -25.7084 -1640.35 -172.43 167.163 -1688.78 -331.078 182.067 -1672.06 
22 1663.15 22.0015 -0 -0 -0 0.014, -0.035, 0.999, -153.865, -31.430, 0.000,0.928, -0.372, 0.014, -153.654, 0.372, 0.928, -0.035, -31.953, -0.000, 0.038, 0.999, 14.897, 0.000, 0.000, 0.000, 1.000,  122 6 12 13 20 49 -184.88 3.8406 -1641.74 -174.478 193.011 -1703.42 -333.278 207.401 -1687.72 
26 1663.15 26.0013 -0.000488281 -0 -0 0.018, -0.041, 0.999, -180.009, -43.166, 0.000,0.900, -0.436, 0.018, -179.689, 0.436, 0.899, -0.041, -43.879, 0.001, 0.045, 0.999, 17.541, 0.000, 0.000, 0.000, 1.000,  122 6 12 13 20 55 -185.235 33.153 -1645.03 -176.785 217.706 -1719.73 -335.733 231.529 -1705 
30 1663.15 30.0016 -0.000488281 -0 -0 0.023, -0.046, 0.999, -205.266, -56.702, 0.000,0.867, -0.497, 0.023, -204.806, 0.498, 0.866, -0.046, -57.630, 0.003, 0.051, 0.999, 20.146, 0.000, 0.000, 0.000, 1.000,  122 6 12 13 21 1 -185.899 62.1308 -1650.36 -179.364 241.185 -1737.74 -338.451 254.364 -1723.97 
30 1663.15 30.0023 -0.000976562 -0 -0 0.023, -0.046, 0.999, -205.264, -56.703, 0.000,0.867, -0.498, 0.023, -204.805, 0.498, 0.866, -0.046, -57.626, 0.003, 0.051, 0.999, 20.146, 0.000, 0.000, 0.000, 1.000,  122 6 12 13 21 4 -185.896 62.1306 -1650.34 -179.367 241.184 -1737.75 -338.446 254.356 -1723.93 
26 1663.15 26.0006 0.000488281 -0 -0 0.018, -0.041, 0.999, -180.004, -43.148, 0.000,0.900, -0.436, 0.018, -179.683, 0.436, 0.899, -0.041, -43.863, 0.001, 0.045, 0.999, 17.545, 0.000, 0.000, 0.000, 1.000,  122 6 12 13 21 7 -185.238 33.148 -1645.02 -176.786 217.698 -1719.71 -335.739 231.52 -1704.99 
22 1663.15 21.9995 0.000488281 -0 -0 0.014, -0.035, 0.999, -153.864, -31.423, 0.000,0.928, -0.372, 0.014, -153.651, 0.372, 0.928, -0.035, -31.948, -0.000, 0.038, 0.999, 14.896, 0.000, 0.000, 0.000, 1.000,  122 6 12 13 21 10 -184.878 3.8352 -1641.73 -174.48 193.01 -1703.42 -333.287 207.4 -1687.75 
18 1663.15 18.0011 0.000976562 -0 -0 0.011, -0.029, 1.000, -126.904, -21.445, 0.000,0.952, -0.306, 0.011, -126.775, 0.306, 0.951, -0.029, -21.801, -0.001, 0.031, 1.000, 12.207, 0.000, 0.000, 0.000, 1.000,  122 6 12 13 21 12 -184.816 -25.7241 -1640.39 -172.428 167.156 -1688.79 -331.08 182.061 -1672.07 
14 1663.15 14.0001 -0 -0 -0 0.007, -0.022, 1.000, -99.399, -13.369, 0.000,0.971, -0.240, 0.007, -99.330, 0.240, 0.971, -0.022, -13.583, -0.002, 0.024, 1.000, 9.487, 0.000, 0.000, 0.000, 1.000,  122 6 12 13 21 15 -185.029 -55.2263 -1641.01 -170.653 140.404 -1676.1 -329.157 155.734 -1658.25 
10 1663.15 10.001 -0 -0 -0 0.004, -0.016, 1.000, -71.380, -7.136, 0.000,0.985, -0.172, 0.004, -71.350, 0.172, 0.985, -0.016, -7.245, -0.002, 0.017, 1.000, 6.768, 0.000, 0.000, 0.000, 1.000,  122 6 12 13 21 18 -185.558 -84.6433 -1643.65 -169.157 112.793 -1665.18 -327.508 128.473 -1646.25 
6 1663.15 6.00064 -0 -0 -0 0.002, -0.010, 1.000, -42.985, -2.802, 0.000,0.995, -0.103, 0.002, -42.975, 0.103, 0.995, -0.010, -2.842, -0.001, 0.010, 1.000, 4.047, 0.000, 0.000, 0.000, 1.000,  122 6 12 13 21 21 -186.376 -113.809 -1648.27 -167.949 84.4438 -1656.15 -326.146 100.425 -1636.17 
2 1663.15 2.00024 0.000976562 -0 -0 0.001, -0.003, 1.000, -14.369, -0.455, 0.000,0.999, -0.034, 0.001, -14.368, 0.034, 0.999, -0.003, -0.460, -0.000, 0.003, 1.000, 1.346, 0.000, 0.000, 0.000, 1.000,  122 6 12 13 21 24 -187.487 -142.583 -1654.88 -167.051 55.5533 -1649.15 -325.109 71.732 -1628.11 
-2 1663.15 -1.99809 0.000488281 -0 -0 -0.001, 0.003, 1.000, 14.326, -0.096, 0.000,0.999, 0.034, -0.001, 14.327, -0.034, 0.999, 0.003, -0.100, 0.001, -0.003, 1.000, -1.324, 0.000, 0.000, 0.000, 1.000,  122 6 12 13 21 27 -188.89 -170.804 -1663.46 -166.456 26.2494 -1644.18 -324.345 42.5659 -1622.02 
-6 1663.15 -5.99918 -0.000976562 -0 -0 -0.001, 0.010, 1.000, 42.994, -1.649, 0.000,0.995, 0.103, -0.001, 42.999, -0.103, 0.995, 0.010, -1.689, 0.002, -0.010, 1.000, -3.962, 0.000, 0.000, 0.000, 1.000,  122 6 12 13 21 29 -190.55 -198.363 -1673.89 -166.16 -3.36462 -1641.21 -323.867 12.9976 -1617.9 
-10 1663.15 -9.9982 -0 -0 -0 -0.002, 0.017, 1.000, 71.438, -5.146, 0.000,0.985, 0.171, -0.002, 71.449, -0.171, 0.985, 0.017, -5.258, 0.005, -0.017, 1.000, -6.530, 0.000, 0.000, 0.000, 1.000,  122 6 12 13 21 32 -192.495 -225.075 -1686.11 -166.174 -33.069 -1640.31 -323.7 -16.7177 -1615.87 
-14 1663.15 -14.0013 -0 -0 -0 -0.002, 0.024, 1.000, 99.630, -10.576, 0.000,0.971, 0.238, -0.002, 99.645, -0.238, 0.971, 0.024, -10.789, 0.007, -0.023, 1.000, -9.029, 0.000, 0.000, 0.000, 1.000,  122 6 12 13 21 35 -194.72 -250.909 -1700.18 -166.489 -62.8346 -1641.4 -323.844 -46.5855 -1615.9 
-18 1663.15 -17.9997 -0.000488281 -0 -0 -0.001, 0.030, 1.000, 127.327, -17.969, 0.000,0.953, 0.304, -0.001, 127.342, -0.304, 0.952, 0.030, -18.309, 0.010, -0.028, 1.000, -11.446, 0.000, 0.000, 0.000, 1.000,  122 6 12 13 21 38 -197.19 -275.64 -1715.99 -167.119 -92.3919 -1644.59 -324.318 -76.3091 -1618.1 
-22 1663.15 -21.9994 -0 -0 -0 -0.000, 0.036, 0.999, 154.492, -27.334, 0.000,0.930, 0.369, -0.000, 154.498, -0.368, 0.929, 0.036, -27.827, 0.014, -0.033, 0.999, -13.768, 0.000, 0.000, 0.000, 1.000,  122 6 12 13 21 41 -199.928 -299.236 -1733.56 -168.062 -121.687 -1649.89 -325.097 -105.849 -1622.43 
-26 1663.15 -26.0005 0.000976562 -0 -0 0.001, 0.042, 0.999, 180.899, -38.546, 0.000,0.902, 0.431, 0.001, 180.889, -0.431, 0.901, 0.042, -39.216, 0.018, -0.038, 0.999, -15.992, 0.000, 0.000, 0.000, 1.000,  122 6 12 13 21 44 -202.886 -321.487 -1752.67 -169.292 -150.503 -1657.22 -326.181 -134.982 -1628.82 
-30 1663.15 -29.9988 -0.000488281 -0 -0 0.002, 0.048, 0.999, 206.501, -51.639, 0.000,0.871, 0.492, 0.002, 206.460, -0.492, 0.870, 0.048, -52.511, 0.022, -0.043, 0.999, -18.097, 0.000, 0.000, 0.000, 1.000,  122 6 12 13 21 46 -206.079 -342.371 -1773.38 -170.828 -178.745 -1666.58 -327.575 -163.618 -1637.2 
-30 1663.15 -30.0002 -0 -0 -0 0.002, 0.048, 0.999, 206.502, -51.647, 0.000,0.871, 0.492, 0.002, 206.460, -0.492, 0.869, 0.048, -52.518, 0.022, -0.043, 0.999, -18.094, 0.000, 0.000, 0.000, 1.000,  122 6 12 13 21 52 -206.084 -342.373 -1773.39 -170.832 -178.743 -1666.58 -327.578 -163.615 -1637.21 
-26 1663.15 -25.9991 -0 -0 -0 0.001, 0.042, 0.999, 180.877, -38.542, 0.000,0.902, 0.431, 0.001, 180.867, -0.431, 0.902, 0.042, -39.213, 0.018, -0.038, 0.999, -15.984, 0.000, 0.000, 0.000, 1.000,  122 6 12 13 21 58 -202.889 -321.467 -1752.64 -169.297 -150.478 -1657.24 -326.185 -134.955 -1628.82 
-22 1663.15 -21.998 -0.000488281 -0 -0 -0.000, 0.036, 0.999, 154.472, -27.322, 0.000,0.930, 0.369, -0.000, 154.478, -0.368, 0.929, 0.036, -27.816, 0.014, -0.033, 0.999, -13.761, 0.000, 0.000, 0.000, 1.000,  122 6 12 13 22 4 -199.932 -299.216 -1733.55 -168.064 -121.667 -1649.87 -325.09 -105.82 -1622.4 
-18 1663.15 -17.9983 -0.000488281 -0 -0 -0.001, 0.030, 1.000, 127.320, -17.989, 0.000,0.953, 0.304, -0.001, 127.335, -0.304, 0.952, 0.030, -18.327, 0.010, -0.028, 1.000, -11.438, 0.000, 0.000, 0.000, 1.000,  122 6 12 13 22 10 -197.202 -275.638 -1716.03 -167.125 -92.376 -1644.58 -324.327 -76.291 -1618.13 
-14 1663.15 -13.9979 -0.000488281 -0 0.000223007 -0.002, 0.024, 1.000, 99.616, -10.587, 0.000,0.971, 0.238, -0.002, 99.631, -0.238, 0.971, 0.024, -10.801, 0.007, -0.023, 1.000, -9.021, 0.000, 0.000, 0.000, 1.000,  122 6 12 13 22 16 -194.73 -250.896 -1700.18 -166.493 -62.8163 -1641.41 -323.845 -46.566 -1615.91 
-10 1663.15 -9.99751 0.000488281 -0 -0 -0.002, 0.017, 1.000, 71.426, -5.138, 0.000,0.985, 0.171, -0.002, 71.437, -0.171, 0.985, 0.017, -5.249, 0.005, -0.017, 1.000, -6.520, 0.000, 0.000, 0.000, 1.000,  122 6 12 13 22 23 -192.502 -225.065 -1686.09 -166.182 -33.0549 -1640.31 -323.708 -16.7045 -1615.88 
-6 1663.15 -5.99918 0.000488281 -0 -0 -0.001, 0.010, 1.000, 42.985, -1.657, 0.000,0.995, 0.103, -0.001, 42.991, -0.103, 0.995, 0.010, -1.698, 0.002, -0.010, 1.000, -3.950, 0.000, 0.000, 0.000, 1.000,  122 6 12 13 22 29 -190.563 -198.353 -1673.89 -166.17 -3.35465 -1641.22 -323.876 13.0156 -1617.91 
-2 1663.15 -1.99809 -0.000488281 -0 -0 -0.001, 0.003, 1.000, 14.320, -0.099, 0.000,0.999, 0.035, -0.001, 14.321, -0.035, 0.999, 0.003, -0.103, 0.001, -0.003, 1.000, -1.314, 0.000, 0.000, 0.000, 1.000,  122 6 12 13 22 35 -188.901 -170.795 -1663.47 -166.464 26.2549 -1644.18 -324.351 42.581 -1622.03 
2 1663.15 2.00162 -0.000488281 -0 -0 0.001, -0.003, 1.000, -14.377, -0.458, 0.000,0.999, -0.035, 0.001, -14.376, 0.035, 0.999, -0.003, -0.463, -0.000, 0.003, 1.000, 1.357, 0.000, 0.000, 0.000, 1.000,  122 6 12 13 22 41 -187.498 -142.572 -1654.86 -167.061 55.5598 -1649.17 -325.111 71.747 -1628.09 
6 1663.15 6.00201 0.000488281 -0 -0 0.002, -0.010, 1.000, -42.994, -2.808, 0.000,0.995, -0.103, 0.002, -42.985, 0.103, 0.995, -0.010, -2.849, -0.001, 0.010, 1.000, 4.060, 0.000, 0.000, 0.000, 1.000,  122 6 12 13 22 47 -186.39 -113.798 -1648.27 -167.961 84.454 -1656.16 -326.155 100.439 -1636.2 
10 1663.15 10.0031 -0.000488281 -0 -0 0.004, -0.016, 1.000, -71.374, -7.118, 0.000,0.985, -0.172, 0.004, -71.344, 0.172, 0.985, -0.016, -7.228, -0.002, 0.017, 1.000, 6.779, 0.000, 0.000, 0.000, 1.000,  122 6 12 13 22 53 -185.569 -84.6459 -1643.63 -169.165 112.783 -1665.16 -327.517 128.475 -1646.27 
14 1663.15 14.0014 -0 -0 -0 0.007, -0.022, 1.000, -99.403, -13.363, 0.000,0.971, -0.240, 0.007, -99.336, 0.240, 0.970, -0.022, -13.575, -0.002, 0.023, 1.000, 9.501, 0.000, 0.000, 0.000, 1.000,  122 6 12 13 22 59 -185.042 -55.2205 -1640.99 -170.663 140.411 -1676.1 -329.159 155.739 -1658.23 
18 1663.15 18.0018 -0 -0 -0 0.010, -0.029, 1.000, -126.911, -21.438, 0.000,0.952, -0.306, 0.010, -126.783, 0.306, 0.951, -0.029, -21.793, -0.001, 0.031, 1.000, 12.216, 0.000, 0.000, 0.000, 1.000,  122 6 12 13 23 5 -184.826 -25.7112 -1640.38 -172.432 167.159 -1688.78 -331.082 182.069 -1672.06 
22 1663.15 22.0029 0.000488281 -0 -0 0.014, -0.035, 0.999, -153.871, -31.429, 0.000,0.928, -0.372, 0.014, -153.659, 0.372, 0.928, -0.035, -31.954, -0.000, 0.038, 0.999, 14.905, 0.000, 0.000, 0.000, 1.000,  122 6 12 13 23 11 -184.885 3.84359 -1641.73 -174.489 193.019 -1703.42 -333.293 207.404 -1687.74 
26 1663.15 26.0019 -0.000488281 -0 -0 0.018, -0.040, 0.999, -180.012, -43.167, 0.000,0.900, -0.436, 0.018, -179.693, 0.436, 0.899, -0.040, -43.878, 0.001, 0.044, 0.999, 17.549, 0.000, 0.000, 0.000, 1.000,  122 6 12 13 23 17 -185.239 33.157 -1645.02 -176.794 217.712 -1719.74 -335.739 231.526 -1704.98 
30 1663.15 30.0023 -0 -0 -0 0.023, -0.046, 0.999, -205.267, -56.700, 0.000,0.867, -0.498, 0.023, -204.808, 0.498, 0.866, -0.046, -57.625, 0.003, 0.051, 0.999, 20.153, 0.000, 0.000, 0.000, 1.000,  122 6 12 13 23 23 -185.904 62.1335 -1650.34 -179.372 241.187 -1737.75 -338.452 254.357 -1723.93 
30 1663.15 30.0016 -0 -0 -0 0.023, -0.046, 0.999, -205.266, -56.707, 0.000,0.867, -0.497, 0.023, -204.807, 0.498, 0.866, -0.046, -57.630, 0.003, 0.051, 0.999, 20.153, 0.000, 0.000, 0.000, 1.000,  122 6 12 13 23 26 -185.905 62.1325 -1650.35 -179.372 241.188 -1737.75 -338.454 254.358 -1723.93 
26 1663.15 26.0006 0.000488281 -0 -0 0.018, -0.041, 0.999, -180.004, -43.155, 0.000,0.900, -0.436, 0.018, -179.683, 0.436, 0.899, -0.041, -43.869, 0.001, 0.045, 0.999, 17.551, 0.000, 0.000, 0.000, 1.000,  122 6 12 13 23 28 -185.241 33.1459 -1645 -176.796 217.702 -1719.74 -335.748 231.518 -1705.01 
22 1663.15 22.0009 -0 -0 -0 0.014, -0.035, 0.999, -153.862, -31.439, 0.000,0.928, -0.372, 0.014, -153.650, 0.372, 0.928, -0.035, -31.962, -0.000, 0.038, 0.999, 14.904, 0.000, 0.000, 0.000, 1.000,  122 6 12 13 23 31 -184.885 3.83438 -1641.75 -174.492 193.011 -1703.43 -333.296 207.394 -1687.74 
18 1663.15 18.0011 0.000488281 -0 -0 0.011, -0.029, 1.000, -126.899, -21.442, 0.000,0.952, -0.306, 0.011, -126.770, 0.306, 0.951, -0.029, -21.798, -0.001, 0.031, 1.000, 12.215, 0.000, 0.000, 0.000, 1.000,  122 6 12 13 23 34 -184.823 -25.7301 -1640.39 -172.437 167.153 -1688.79 -331.089 182.053 -1672.08 
14 1663.15 14.0001 -0.000488281 -0 -0 0.007, -0.022, 1.000, -99.397, -13.382, 0.000,0.971, -0.240, 0.007, -99.329, 0.240, 0.970, -0.022, -13.595, -0.002, 0.023, 1.000, 9.496, 0.000, 0.000, 0.000, 1.000,  122 6 12 13 23 37 -185.04 -55.2289 -1641.01 -170.663 140.408 -1676.12 -329.172 155.73 -1658.26 
10 1663.15 10.001 0.000976562 -0 -0 0.004, -0.016, 1.000, -71.378, -7.138, 0.000,0.985, -0.172, 0.004, -71.348, 0.172, 0.985, -0.016, -7.247, -0.002, 0.017, 1.000, 6.776, 0.000, 0.000, 0.000, 1.000,  122 6 12 13 23 40 -185.568 -84.6431 -1643.65 -169.165 112.791 -1665.17 -327.517 128.472 -1646.25 
6 1663.15 6.00133 0.000488281 -0 -0 0.002, -0.010, 1.000, -42.985, -2.800, 0.000,0.995, -0.103, 0.002, -42.976, 0.104, 0.995, -0.010, -2.840, -0.001, 0.010, 1.000, 4.059, 0.000, 0.000, 0.000, 1.000,  122 6 12 13 23 43 -186.385 -113.809 -1648.25 -167.962 84.4456 -1656.16 -326.162 100.424 -1636.19 
2 1663.15 2.00093 -0 -0 -0 0.001, -0.003, 1.000, -14.367, -0.458, 0.000,0.999, -0.035, 0.001, -14.366, 0.035, 0.999, -0.003, -0.463, -0.000, 0.003, 1.000, 1.355, 0.000, 0.000, 0.000, 1.000,  122 6 12 13 23 45 -187.494 -142.584 -1654.86 -167.063 55.5516 -1649.17 -325.119 71.7325 -1628.1 
-2 1663.15 -2.00015 -0 -0 -0 -0.001, 0.003, 1.000, 14.334, -0.109, 0.000,0.999, 0.035, -0.001, 14.335, -0.035, 0.999, 0.003, -0.113, 0.001, -0.003, 1.000, -1.316, 0.000, 0.000, 0.000, 1.000,  122 6 12 13 23 48 -188.903 -170.812 -1663.49 -166.464 26.2463 -1644.18 -324.349 42.5629 -1622.02 
-6 1663.15 -5.99986 -0 -0 -0 -0.001, 0.010, 1.000, 43.001, -1.665, 0.000,0.995, 0.103, -0.001, 43.007, -0.103, 0.995, 0.010, -1.706, 0.002, -0.010, 1.000, -3.956, 0.000, 0.000, 0.000, 1.000,  122 6 12 13 23 51 -190.559 -198.37 -1673.91 -166.168 -3.3695 -1641.22 -323.877 12.9964 -1617.91 
-10 1663.15 -10.0003 -0 -0 -0 -0.002, 0.017, 1.000, 71.439, -5.148, 0.000,0.985, 0.171, -0.002, 71.451, -0.171, 0.985, 0.017, -5.259, 0.005, -0.016, 1.000, -6.522, 0.000, 0.000, 0.000, 1.000,  122 6 12 13 23 54 -192.504 -225.077 -1686.11 -166.181 -33.0688 -1640.31 -323.713 -16.7189 -1615.9 
-14 1663.15 -14 -0 -0 -0.000223007 -0.002, 0.024, 1.000, 99.636, -10.608, 0.000,0.971, 0.238, -0.002, 99.652, -0.238, 0.971, 0.024, -10.820, 0.007, -0.022, 1.000, -9.021, 0.000, 0.000, 0.000, 1.000,  122 6 12 13 23 57 -194.733 -250.918 -1700.22 -166.499 -62.832 -1641.42 -323.858 -46.5833 -1615.94 
-18 1663.15 -18.0004 -0 -0 -0 -0.001, 0.030, 1.000, 127.333, -17.993, 0.000,0.953, 0.304, -0.001, 127.348, -0.304, 0.952, 0.030, -18.332, 0.010, -0.028, 1.000, -11.441, 0.000, 0.000, 0.000, 1.000,  122 6 12 13 24 0 -197.199 -275.647 -1716.02 -167.127 -92.3913 -1644.61 -324.33 -76.312 -1618.13 
-22 1663.15 -21.9987 -0 -0 -0 -0.000, 0.036, 0.999, 154.485, -27.331, 0.000,0.930, 0.369, -0.000, 154.492, -0.368, 0.929, 0.036, -27.824, 0.014, -0.033, 0.999, -13.764, 0.000, 0.000, 0.000, 1.000,  122 6 12 13 24 2 -199.932 -299.232 -1733.56 -168.063 -121.679 -1649.88 -325.099 -105.845 -1622.42 
-26 1663.15 -25.9991 -0 -0 -0 0.001, 0.042, 0.999, 180.896, -38.546, 0.000,0.902, 0.431, 0.001, 180.886, -0.431, 0.901, 0.042, -39.215, 0.018, -0.038, 0.999, -15.983, 0.000, 0.000, 0.000, 1.000,  122 6 12 13 24 5 -202.896 -321.486 -1752.67 -169.297 -150.498 -1657.21 -326.185 -134.978 -1628.81 
-30 1663.15 -30.0002 -0.000488281 -0 -0 0.002, 0.048, 0.999, 206.506, -51.643, 0.000,0.871, 0.492, 0.002, 206.465, -0.491, 0.870, 0.048, -52.514, 0.022, -0.043, 0.999, -18.091, 0.000, 0.000, 0.000, 1.000,  122 6 12 13 24 8 -206.083 -342.376 -1773.37 -170.839 -178.748 -1666.59 -327.587 -163.619 -1637.22 
-30 1663.15 -29.9995 0.000488281 -0 -0 0.002, 0.048, 0.999, 206.503, -51.631, 0.000,0.871, 0.492, 0.002, 206.461, -0.492, 0.869, 0.048, -52.502, 0.022, -0.043, 0.999, -18.090, 0.000, 0.000, 0.000, 1.000,  122 6 12 13 24 14 -206.084 -342.374 -1773.38 -170.836 -178.745 -1666.56 -327.583 -163.614 -1637.19 
-26 1663.15 -25.9984 0.000488281 -0 -0 0.001, 0.042, 0.999, 180.876, -38.534, 0.000,0.902, 0.431, 0.001, 180.866, -0.431, 0.902, 0.042, -39.203, 0.018, -0.038, 0.999, -15.980, 0.000, 0.000, 0.000, 1.000,  122 6 12 13 24 20 -202.893 -321.468 -1752.64 -169.3 -150.477 -1657.22 -326.192 -134.955 -1628.82 
-22 1663.15 -21.998 -0.000488281 -0 -0 -0.001, 0.036, 0.999, 154.469, -27.330, 0.000,0.930, 0.369, -0.001, 154.476, -0.368, 0.929, 0.036, -27.822, 0.014, -0.033, 0.999, -13.756, 0.000, 0.000, 0.000, 1.000,  122 6 12 13 24 26 -199.939 -299.217 -1733.55 -168.069 -121.661 -1649.88 -325.105 -105.823 -1622.43 
-18 1663.15 -17.999 -0 -0 -0 -0.001, 0.030, 1.000, 127.314, -17.968, 0.000,0.953, 0.304, -0.001, 127.329, -0.304, 0.952, 0.030, -18.307, 0.010, -0.028, 1.000, -11.433, 0.000, 0.000, 0.000, 1.000,  122 6 12 13 24 32 -197.202 -275.631 -1715.99 -167.129 -92.3723 -1644.58 -324.331 -76.2906 -1618.12 
-14 1663.15 -13.9979 -0 -0 -0.000446015 -0.002, 0.024, 1.000, 99.614, -10.590, 0.000,0.971, 0.238, -0.002, 99.629, -0.238, 0.971, 0.024, -10.802, 0.007, -0.022, 1.000, -9.012, 0.000, 0.000, 0.000, 1.000,  122 6 12 13 24 38 -194.74 -250.896 -1700.19 -166.502 -62.8099 -1641.4 -323.86 -46.559 -1615.92 
-10 1663.15 -9.9982 -0.000976562 -0 -0 -0.002, 0.017, 1.000, 71.425, -5.146, 0.000,0.985, 0.171, -0.002, 71.437, -0.171, 0.985, 0.017, -5.257, 0.005, -0.016, 1.000, -6.512, 0.000, 0.000, 0.000, 1.000,  122 6 12 13 24 44 -192.511 -225.066 -1686.11 -166.19 -33.0503 -1640.31 -323.719 -16.6987 -1615.89 
-6 1663.15 -5.99918 -0.000488281 -0 -0 -0.001, 0.010, 1.000, 42.985, -1.658, 0.000,0.995, 0.103, -0.001, 42.991, -0.103, 0.995, 0.010, -1.698, 0.003, -0.010, 1.000, -3.945, 0.000, 0.000, 0.000, 1.000,  122 6 12 13 24 50 -190.571 -198.354 -1673.91 -166.173 -3.3526 -1641.2 -323.884 13.0197 -1617.9 
-2 1663.15 -1.99809 0.000488281 -0 -0 -0.001, 0.003, 1.000, 14.319, -0.085, 0.000,0.999, 0.035, -0.001, 14.320, -0.035, 0.999, 0.003, -0.089, 0.001, -0.003, 1.000, -1.304, 0.000, 0.000, 0.000, 1.000,  122 6 12 13 24 56 -188.91 -170.795 -1663.46 -166.473 26.2568 -1644.15 -324.357 42.5816 -1622.02 
2 1663.15 2.0023 -0.000488281 -0 -0 0.001, -0.003, 1.000, -14.376, -0.447, 0.000,0.999, -0.035, 0.001, -14.375, 0.035, 0.999, -0.003, -0.451, -0.000, 0.003, 1.000, 1.369, 0.000, 0.000, 0.000, 1.000,  122 6 12 13 25 2 -187.507 -142.574 -1654.85 -167.072 55.5612 -1649.15 -325.119 71.7474 -1628.08 
6 1663.15 6.00201 -0 -0 -0 0.002, -0.010, 1.000, -42.993, -2.790, 0.000,0.995, -0.104, 0.002, -42.984, 0.104, 0.995, -0.010, -2.830, -0.001, 0.010, 1.000, 4.069, 0.000, 0.000, 0.000, 1.000,  122 6 12 13 25 8 -186.392 -113.797 -1648.23 -167.971 84.4502 -1656.15 -326.168 100.438 -1636.19 
10 1663.15 10.001 -0 -0 -0 0.004, -0.016, 1.000, -71.376, -7.115, 0.000,0.985, -0.172, 0.004, -71.346, 0.172, 0.985, -0.016, -7.225, -0.002, 0.017, 1.000, 6.787, 0.000, 0.000, 0.000, 1.000,  122 6 12 13 25 14 -185.576 -84.6448 -1643.62 -169.174 112.787 -1665.16 -327.521 128.476 -1646.23 
14 1663.15 14.0001 -0.000488281 -0 -0 0.007, -0.022, 1.000, -99.405, -13.363, 0.000,0.971, -0.240, 0.007, -99.337, 0.240, 0.970, -0.022, -13.577, -0.002, 0.024, 1.000, 9.508, 0.000, 0.000, 0.000, 1.000,  122 6 12 13 25 20 -185.047 -55.2187 -1640.99 -170.672 140.412 -1676.1 -329.173 155.744 -1658.25 
18 1663.15 18.0018 0.000488281 -0 -0 0.011, -0.029, 1.000, -126.910, -21.440, 0.000,0.952, -0.306, 0.011, -126.781, 0.306, 0.951, -0.029, -21.797, -0.001, 0.031, 1.000, 12.226, 0.000, 0.000, 0.000, 1.000,  122 6 12 13 25 26 -184.834 -25.7133 -1640.38 -172.444 167.16 -1688.79 -331.093 182.072 -1672.08 
22 1663.15 22.0022 -0.000976562 -0 -0 0.014, -0.035, 0.999, -153.870, -31.420, 0.000,0.928, -0.372, 0.014, -153.658, 0.372, 0.928, -0.035, -31.943, -0.000, 0.038, 0.999, 14.906, 0.000, 0.000, 0.000, 1.000,  122 6 12 13 25 32 -184.886 3.84569 -1641.72 -174.489 193.014 -1703.41 -333.291 207.404 -1687.72 
26 1663.15 26.0019 -0 -0 -0 0.018, -0.041, 0.999, -180.011, -43.144, 0.000,0.900, -0.436, 0.018, -179.689, 0.436, 0.899, -0.041, -43.860, 0.001, 0.045, 0.999, 17.555, 0.000, 0.000, 0.000, 1.000,  122 6 12 13 25 38 -185.245 33.1582 -1645.02 -176.797 217.7 -1719.7 -335.747 231.529 -1704.99 
30 1663.15 30.0023 -0 -0 -0 0.023, -0.046, 0.999, -205.261, -56.699, 0.000,0.867, -0.497, 0.023, -204.802, 0.498, 0.866, -0.046, -57.625, 0.003, 0.051, 0.999, 20.157, 0.000, 0.000, 0.000, 1.000,  122 6 12 13 25 44 -185.911 62.1274 -1650.36 -179.374 241.182 -1737.73 -338.457 254.359 -1723.94 
30 1663.15 30.0023 0.000976562 -0 -0 0.023, -0.046, 0.999, -205.266, -56.700, 0.000,0.867, -0.497, 0.023, -204.806, 0.498, 0.866, -0.046, -57.627, 0.003, 0.051, 0.999, 20.160, 0.000, 0.000, 0.000, 1.000,  122 6 12 13 25 47 -185.913 62.1328 -1650.36 -179.377 241.185 -1737.73 -338.461 254.361 -1723.94 
26 1663.15 26.0006 0.000488281 -0 -0 0.018, -0.041, 0.999, -180.002, -43.154, 0.000,0.900, -0.436, 0.018, -179.682, 0.436, 0.899, -0.041, -43.867, 0.001, 0.044, 0.999, 17.557, 0.000, 0.000, 0.000, 1.000,  122 6 12 13 25 50 -185.245 33.148 -1645 -176.803 217.698 -1719.73 -335.754 231.52 -1704.99 
22 1663.15 22.0002 -0 -0 -0 0.014, -0.035, 0.999, -153.854, -31.423, 0.000,0.928, -0.372, 0.014, -153.641, 0.372, 0.928, -0.035, -31.947, -0.000, 0.038, 0.999, 14.910, 0.000, 0.000, 0.000, 1.000,  122 6 12 13 25 53 -184.892 3.82777 -1641.73 -174.494 193 -1703.41 -333.304 207.391 -1687.73 
18 1663.15 17.9991 -0.000976562 -0 -0 0.010, -0.029, 1.000, -126.897, -21.451, 0.000,0.952, -0.306, 0.010, -126.769, 0.306, 0.951, -0.029, -21.806, -0.001, 0.031, 1.000, 12.217, 0.000, 0.000, 0.000, 1.000,  122 6 12 13 25 56 -184.826 -25.7283 -1640.38 -172.439 167.15 -1688.81 -331.096 182.054 -1672.08 
14 1663.15 14.0007 -0.000488281 -0 -0 0.007, -0.022, 1.000, -99.390, -13.379, 0.000,0.971, -0.240, 0.007, -99.322, 0.240, 0.971, -0.022, -13.592, -0.002, 0.023, 1.000, 9.502, 0.000, 0.000, 0.000, 1.000,  122 6 12 13 25 59 -185.046 -55.233 -1641.01 -170.669 140.399 -1676.11 -329.173 155.728 -1658.23 
10 1663.15 10.0004 -0 -0 -0.000223007 0.004, -0.016, 1.000, -71.370, -7.144, 0.000,0.985, -0.172, 0.004, -71.340, 0.172, 0.985, -0.016, -7.253, -0.002, 0.017, 1.000, 6.778, 0.000, 0.000, 0.000, 1.000,  122 6 12 13 26 1 -185.567 -84.6503 -1643.64 -169.173 112.782 -1665.2 -327.523 128.464 -1646.26 
6 1663.15 6.00201 -0 -0 -0 0.002, -0.010, 1.000, -42.988, -2.802, 0.000,0.995, -0.103, 0.002, -42.979, 0.103, 0.995, -0.010, -2.841, -0.001, 0.010, 1.000, 4.062, 0.000, 0.000, 0.000, 1.000,  122 6 12 13 26 4 -186.386 -113.803 -1648.26 -167.968 84.4478 -1656.15 -326.164 100.426 -1636.18 
2 1663.15 1.99956 -0.000976562 -0 -0 0.001, -0.003, 1.000, -14.362, -0.451, 0.000,0.999, -0.035, 0.001, -14.362, 0.035, 0.999, -0.003, -0.455, -0.000, 0.003, 1.000, 1.360, 0.000, 0.000, 0.000, 1.000,  122 6 12 13 26 7 -187.496 -142.586 -1654.85 -167.07 55.545 -1649.16 -325.121 71.7293 -1628.09 
-2 1663.15 -1.99878 -0.000488281 -0 -0 -0.001, 0.003, 1.000, 14.332, -0.088, 0.000,0.999, 0.035, -0.001, 14.333, -0.035, 0.999, 0.003, -0.092, 0.001, -0.003, 1.000, -1.312, 0.000, 0.000, 0.000, 1.000,  122 6 12 13 26 10 -188.901 -170.806 -1663.47 -166.469 26.2425 -1644.16 -324.363 42.5581 -1622.03 
-6 1663.15 -5.99918 -0.000976562 -0 -0 -0.001, 0.010, 1.000, 43.001, -1.657, 0.000,0.995, 0.103, -0.001, 43.007, -0.103, 0.995, 0.010, -1.697, 0.002, -0.010, 1.000, -3.946, 0.000, 0.000, 0.000, 1.000,  122 6 12 13 26 13 -190.566 -198.368 -1673.89 -166.178 -3.37112 -1641.22 -323.886 12.9944 -1617.91 
-10 1663.15 -10.0003 0.000488281 -0 -0 -0.002, 0.017, 1.000, 71.446, -5.136, 0.000,0.985, 0.171, -0.002, 71.458, -0.171, 0.985, 0.017, -5.247, 0.005, -0.016, 1.000, -6.516, 0.000, 0.000, 0.000, 1.000,  122 6 12 13 26 16 -192.508 -225.084 -1686.1 -166.187 -33.076 -1640.3 -323.721 -16.7251 -1615.88 
-14 1663.15 -14.0007 -0 -0 -0 -0.002, 0.024, 1.000, 99.640, -10.603, 0.000,0.971, 0.238, -0.002, 99.655, -0.238, 0.971, 0.024, -10.817, 0.007, -0.023, 1.000, -9.014, 0.000, 0.000, 0.000, 1.000,  122 6 12 13 26 18 -194.741 -250.917 -1700.2 -166.505 -62.839 -1641.42 -323.865 -46.5859 -1615.91 
-18 1663.15 -17.999 -0 -0 -0 -0.001, 0.030, 1.000, 127.340, -17.998, 0.000,0.953, 0.304, -0.001, 127.355, -0.304, 0.952, 0.030, -18.338, 0.010, -0.028, 1.000, -11.431, 0.000, 0.000, 0.000, 1.000,  122 6 12 13 26 21 -197.211 -275.65 -1716.02 -167.138 -92.399 -1644.61 -324.337 -76.3135 -1618.12 
-22 1663.15 -21.9987 0.000488281 -0 -0 -0.001, 0.036, 0.999, 154.492, -27.332, 0.000,0.930, 0.369, -0.001, 154.499, -0.368, 0.929, 0.036, -27.824, 0.014, -0.033, 0.999, -13.755, 0.000, 0.000, 0.000, 1.000,  122 6 12 13 26 24 -199.942 -299.233 -1733.55 -168.073 -121.689 -1649.88 -325.11 -105.853 -1622.44 
-26 1663.15 -25.9991 0.000488281 -0 -0 0.001, 0.042, 0.999, 180.906, -38.571, 0.000,0.902, 0.431, 0.001, 180.896, -0.431, 0.901, 0.042, -39.242, 0.018, -0.038, 0.999, -15.975, 0.000, 0.000, 0.000, 1.000,  122 6 12 13 26 27 -202.906 -321.49 -1752.68 -169.312 -150.507 -1657.25 -326.199 -134.984 -1628.83 
-30 1663.15 -29.9988 0.000488281 -0 -0 0.002, 0.048, 0.999, 206.506, -51.651, 0.000,0.871, 0.492, 0.002, 206.465, -0.492, 0.869, 0.048, -52.522, 0.022, -0.043, 0.999, -18.081, 0.000, 0.000, 0.000, 1.000,  122 6 12 13 26 30 -206.098 -342.375 -1773.4 -170.845 -178.747 -1666.58 -327.593 -163.617 -1637.2 
-30 1663.15 -29.9981 -0.000976562 -0 -0 0.002, 0.048, 0.999, 206.500, -51.638, 0.000,0.871, 0.492, 0.002, 206.460, -0.492, 0.869, 0.048, -52.507, 0.022, -0.043, 0.999, -18.080, 0.000, 0.000, 0.000, 1.000,  122 6 12 13 26 36 -206.098 -342.372 -1773.38 -170.843 -178.742 -1666.57 -327.593 -163.616 -1637.21 
-26 1663.15 -25.9977 0.000488281 -0 -0 0.001, 0.042, 0.999, 180.876, -38.541, 0.000,0.902, 0.431, 0.001, 180.867, -0.431, 0.901, 0.042, -39.211, 0.018, -0.038, 0.999, -15.971, 0.000, 0.000, 0.000, 1.000,  122 6 12 13 26 42 -202.906 -321.465 -1752.65 -169.307 -150.479 -1657.22 -326.196 -134.949 -1628.81 
-22 1663.15 -21.998 -0 -0 -0 -0.000, 0.036, 0.999, 154.473, -27.333, 0.000,0.930, 0.368, -0.000, 154.479, -0.368, 0.929, 0.036, -27.827, 0.014, -0.033, 0.999, -13.753, 0.000, 0.000, 0.000, 1.000,  122 6 12 13 26 48 -199.943 -299.219 -1733.55 -168.074 -121.664 -1649.89 -325.105 -105.822 -1622.42 
-18 1663.15 -17.9983 0.00146484 -0 -0 -0.001, 0.030, 1.000, 127.317, -17.972, 0.000,0.953, 0.304, -0.001, 127.331, -0.304, 0.952, 0.030, -18.312, 0.010, -0.028, 1.000, -11.427, 0.000, 0.000, 0.000, 1.000,  122 6 12 13 26 54 -197.211 -275.631 -1715.99 -167.134 -92.3754 -1644.59 -324.332 -76.2867 -1618.1 
-14 1663.15 -13.9986 0.000488281 -0 -0 -0.002, 0.024, 1.000, 99.616, -10.588, 0.000,0.971, 0.238, -0.002, 99.632, -0.238, 0.971, 0.024, -10.801, 0.007, -0.023, 1.000, -9.007, 0.000, 0.000, 0.000, 1.000,  122 6 12 13 27 0 -194.745 -250.895 -1700.18 -166.506 -62.8156 -1641.42 -323.862 -46.5595 -1615.92 
-10 1663.15 -9.99889 -0 -0 -0 -0.002, 0.017, 1.000, 71.426, -5.137, 0.000,0.985, 0.171, -0.002, 71.438, -0.171, 0.985, 0.017, -5.249, 0.005, -0.017, 1.000, -6.508, 0.000, 0.000, 0.000, 1.000,  122 6 12 13 27 6 -192.515 -225.064 -1686.09 -166.192 -33.0546 -1640.3 -323.716 -16.7005 -1615.86 
-6 1663.15 -5.99849 -0 -0 -0 -0.001, 0.010, 1.000, 42.987, -1.653, 0.000,0.995, 0.103, -0.001, 42.993, -0.103, 0.995, 0.010, -1.693, 0.003, -0.010, 1.000, -3.940, 0.000, 0.000, 0.000, 1.000,  122 6 12 13 27 12 -190.576 -198.352 -1673.9 -166.176 -3.35742 -1641.2 -323.883 13.0173 -1617.9 
-2 1663.15 -1.99741 -0.000488281 -0 -0 -0.001, 0.003, 1.000, 14.323, -0.076, 0.000,0.999, 0.035, -0.001, 14.324, -0.034, 0.999, 0.003, -0.080, 0.001, -0.003, 1.000, -1.305, 0.000, 0.000, 0.000, 1.000,  122 6 12 13 27 18 -188.909 -170.798 -1663.44 -166.47 26.2505 -1644.15 -324.357 42.5788 -1622.02 
2 1663.15 2.0023 -0.000488281 -0 -0 0.000, -0.003, 1.000, -14.374, -0.455, 0.000,0.999, -0.035, 0.000, -14.373, 0.035, 0.999, -0.003, -0.460, -0.000, 0.003, 1.000, 1.367, 0.000, 0.000, 0.000, 1.000,  122 6 12 13 27 24 -187.509 -142.572 -1654.86 -167.069 55.5561 -1649.16 -325.116 71.7506 -1628.08 
6 1663.15 6.00133 -0 -0 -0 0.002, -0.010, 1.000, -42.991, -2.788, 0.000,0.995, -0.103, 0.002, -42.982, 0.103, 0.995, -0.010, -2.828, -0.001, 0.010, 1.000, 4.068, 0.000, 0.000, 0.000, 1.000,  122 6 12 13 27 30 -186.395 -113.801 -1648.24 -167.966 84.4504 -1656.14 -326.163 100.439 -1636.18 
10 1663.15 10.0024 0.000976562 -0 -0 0.004, -0.016, 1.000, -71.371, -7.128, 0.000,0.985, -0.172, 0.004, -71.341, 0.172, 0.985, -0.016, -7.237, -0.002, 0.017, 1.000, 6.786, 0.000, 0.000, 0.000, 1.000,  122 6 12 13 27 36 -185.579 -84.6487 -1643.64 -169.173 112.782 -1665.17 -327.52 128.477 -1646.24 
14 1663.15 14.0021 -0.000488281 -0 -0 0.007, -0.022, 1.000, -99.400, -13.384, 0.000,0.971, -0.240, 0.007, -99.332, 0.240, 0.971, -0.022, -13.597, -0.002, 0.023, 1.000, 9.507, 0.000, 0.000, 0.000, 1.000,  122 6 12 13 27 42 -185.052 -55.2213 -1641.02 -170.671 140.408 -1676.12 -329.171 155.743 -1658.24 
18 1663.15 18.0025 -0 -0 -0 0.011, -0.029, 1.000, -126.910, -21.441, 0.000,0.952, -0.306, 0.011, -126.782, 0.306, 0.952, -0.029, -21.798, -0.001, 0.031, 1.000, 12.223, 0.000, 0.000, 0.000, 1.000,  122 6 12 13 27 48 -184.832 -25.7126 -1640.39 -172.441 167.16 -1688.78 -331.091 182.071 -1672.07 
22 1663.15 22.0022 0.000488281 -0 -0 0.014, -0.035, 0.999, -153.866, -31.428, 0.000,0.928, -0.372, 0.014, -153.654, 0.372, 0.928, -0.035, -31.951, -0.000, 0.038, 0.999, 14.911, 0.000, 0.000, 0.000, 1.000,  122 6 12 13 27 54 -184.891 3.84115 -1641.73 -174.495 193.013 -1703.42 -333.299 207.403 -1687.73 
26 1663.15 26.0013 0.000976562 -0 -0 0.018, -0.041, 0.999, -180.009, -43.148, 0.000,0.900, -0.436, 0.018, -179.688, 0.436, 0.899, -0.041, -43.863, 0.001, 0.045, 0.999, 17.556, 0.000, 0.000, 0.000, 1.000,  122 6 12 13 28 0 -185.249 33.156 -1645.02 -176.797 217.701 -1719.71 -335.749 231.531 -1705 
30 1663.15 30.0016 0.000488281 -0 -0 0.023, -0.046, 0.999, -205.265, -56.694, 0.000,0.867, -0.497, 0.023, -204.806, 0.498, 0.866, -0.046, -57.620, 0.003, 0.051, 0.999, 20.162, 0.000, 0.000, 0.000, 1.000,  122 6 12 13 28 6 -185.914 62.134 -1650.34 -179.377 241.184 -1737.73 -338.457 254.358 -1723.93 
30 1663.15 30.001 0.000488281 -0 -0 0.023, -0.046, 0.999, -205.266, -56.706, 0.000,0.867, -0.497, 0.023, -204.807, 0.498, 0.866, -0.046, -57.631, 0.003, 0.051, 0.999, 20.158, 0.000, 0.000, 0.000, 1.000,  122 6 12 13 28 9 -185.912 62.133 -1650.36 -179.376 241.187 -1737.74 -338.456 254.36 -1723.93 
26 1663.15 26.0013 -0 -0 -0 0.018, -0.041, 0.999, -180.003, -43.137, 0.000,0.900, -0.436, 0.018, -179.681, 0.436, 0.899, -0.041, -43.854, 0.001, 0.045, 0.999, 17.555, 0.000, 0.000, 0.000, 1.000,  122 6 12 13 28 12 -185.244 33.1462 -1645 -176.797 217.695 -1719.71 -335.754 231.522 -1705.01 
22 1663.15 22.0002 0.000488281 -0 -0 0.014, -0.035, 0.999, -153.854, -31.421, 0.000,0.928, -0.372, 0.014, -153.642, 0.372, 0.928, -0.035, -31.945, -0.000, 0.038, 0.999, 14.909, 0.000, 0.000, 0.000, 1.000,  122 6 12 13 28 15 -184.889 3.82656 -1641.72 -174.494 193.002 -1703.42 -333.299 207.394 -1687.74 
18 1663.15 18.0011 -0 -0 -0 0.011, -0.029, 1.000, -126.896, -21.420, 0.000,0.952, -0.306, 0.011, -126.768, 0.306, 0.951, -0.029, -21.776, -0.001, 0.031, 1.000, 12.217, 0.000, 0.000, 0.000, 1.000,  122 6 12 13 28 17 -184.822 -25.7283 -1640.36 -172.436 167.143 -1688.77 -331.088 182.053 -1672.05 
14 1663.15 13.9994 0.000488281 -0 -0 0.007, -0.022, 1.000, -99.394, -13.365, 0.000,0.971, -0.240, 0.007, -99.326, 0.240, 0.970, -0.022, -13.577, -0.002, 0.023, 1.000, 9.500, 0.000, 0.000, 0.000, 1.000,  122 6 12 13 28 20 -185.041 -55.2303 -1640.99 -170.666 140.402 -1676.11 -329.168 155.727 -1658.23 
10 1663.15 10.001 -0 -0 -0 0.004, -0.016, 1.000, -71.370, -7.130, 0.000,0.985, -0.172, 0.004, -71.340, 0.172, 0.985, -0.016, -7.240, -0.002, 0.017, 1.000, 6.779, 0.000, 0.000, 0.000, 1.000,  122 6 12 13 28 23 -185.569 -84.6496 -1643.64 -169.17 112.781 -1665.17 -327.525 128.466 -1646.26 
6 1663.15 6.00064 0.000488281 -0 -0 0.002, -0.010, 1.000, -42.983, -2.797, 0.000,0.995, -0.103, 0.002, -42.974, 0.103, 0.995, -0.010, -2.838, -0.001, 0.010, 1.000, 4.061, 0.000, 0.000, 0.000, 1.000,  122 6 12 13 28 26 -186.387 -113.809 -1648.25 -167.964 84.4412 -1656.15 -326.164 100.424 -1636.19 
2 1663.15 2.00024 0.000488281 -0 -0 0.001, -0.003, 1.000, -14.361, -0.458, 0.000,0.999, -0.035, 0.001, -14.360, 0.035, 0.999, -0.003, -0.462, -0.000, 0.003, 1.000, 1.357, 0.000, 0.000, 0.000, 1.000,  122 6 12 13 28 29 -187.497 -142.591 -1654.87 -167.066 55.5472 -1649.16 -325.118 71.7287 -1628.09 
-2 1663.15 -1.99947 -0.000488281 -0 -0 -0.001, 0.003, 1.000, 14.335, -0.097, 0.000,0.999, 0.034, -0.001, 14.336, -0.034, 0.999, 0.003, -0.101, 0.001, -0.003, 1.000, -1.312, 0.000, 0.000, 0.000, 1.000,  122 6 12 13 28 32 -188.902 -170.808 -1663.46 -166.469 26.2401 -1644.18 -324.36 42.5615 -1622.04 
-6 1663.15 -6.00055 0.000488281 -0 -0 -0.001, 0.010, 1.000, 43.003, -1.659, 0.000,0.995, 0.103, -0.001, 43.009, -0.103, 0.995, 0.010, -1.700, 0.003, -0.010, 1.000, -3.952, 0.000, 0.000, 0.000, 1.000,  122 6 12 13 28 34 -190.562 -198.37 -1673.88 -166.172 -3.37285 -1641.23 -323.883 12.9932 -1617.91 
-10 1663.15 -9.99957 0.000976562 -0 -0 -0.002, 0.017, 1.000, 71.447, -5.139, 0.000,0.985, 0.171, -0.002, 71.459, -0.171, 0.985, 0.017, -5.250, 0.005, -0.017, 1.000, -6.521, 0.000, 0.000, 0.000, 1.000,  122 6 12 13 28 37 -192.5 -225.084 -1686.1 -166.185 -33.0791 -1640.31 -323.716 -16.7263 -1615.89 
-14 1663.15 -13.9993 0.000488281 -0 -0 -0.002, 0.024, 1.000, 99.637, -10.601, 0.000,0.971, 0.238, -0.002, 99.652, -0.238, 0.971, 0.024, -10.814, 0.007, -0.023, 1.000, -9.021, 0.000, 0.000, 0.000, 1.000,  122 6 12 13 28 40 -194.732 -250.917 -1700.2 -166.5 -62.8353 -1641.43 -323.861 -46.5835 -1615.93 
-18 1663.15 -17.999 -0 -0 -0 -0.001, 0.030, 1.000, 127.332, -17.982, 0.000,0.953, 0.304, -0.001, 127.347, -0.304, 0.952, 0.030, -18.320, 0.010, -0.028, 1.000, -11.437, 0.000, 0.000, 0.000, 1.000,  122 6 12 13 28 43 -197.2 -275.646 -1716 -167.13 -92.3927 -1644.6 -324.334 -76.3097 -1618.14 
-22 1663.15 -21.9994 -0.000488281 -0 -0 -0.000, 0.036, 0.999, 154.493, -27.335, 0.000,0.930, 0.368, -0.000, 154.500, -0.368, 0.929, 0.036, -27.829, 0.014, -0.033, 0.999, -13.759, 0.000, 0.000, 0.000, 1.000,  122 6 12 13 28 46 -199.937 -299.234 -1733.54 -168.072 -121.692 -1649.9 -325.107 -105.851 -1622.44 
-26 1663.15 -25.9998 -0.000488281 -0 -0 0.001, 0.042, 0.999, 180.902, -38.545, 0.000,0.902, 0.431, 0.001, 180.893, -0.431, 0.902, 0.042, -39.215, 0.018, -0.038, 0.999, -15.980, 0.000, 0.000, 0.000, 1.000,  122 6 12 13 28 49 -202.898 -321.489 -1752.65 -169.304 -150.507 -1657.23 -326.195 -134.987 -1628.82 
-30 1663.15 -29.9981 -0.000488281 -0 -0 0.002, 0.048, 0.999, 206.499, -51.631, 0.000,0.871, 0.492, 0.002, 206.458, -0.492, 0.869, 0.048, -52.502, 0.022, -0.043, 0.999, -18.086, 0.000, 0.000, 0.000, 1.000,  122 6 12 13 28 51 -206.09 -342.372 -1773.38 -170.838 -178.739 -1666.56 -327.588 -163.613 -1637.19 
-30 1663.15 -29.9988 -0 -0 -0 0.002, 0.048, 0.999, 206.501, -51.644, 0.000,0.871, 0.492, 0.002, 206.460, -0.492, 0.870, 0.048, -52.515, 0.022, -0.043, 0.999, -18.086, 0.000, 0.000, 0.000, 1.000,  122 6 12 13 28 57 -206.089 -342.371 -1773.38 -170.841 -178.743 -1666.59 -327.591 -163.612 -1637.22 
-26 1663.15 -25.9977 -0.00146484 -0 -0 0.001, 0.042, 0.999, 180.880, -38.529, 0.000,0.902, 0.431, 0.001, 180.870, -0.431, 0.902, 0.042, -39.199, 0.018, -0.038, 0.999, -15.977, 0.000, 0.000, 0.000, 1.000,  122 6 12 13 29 3 -202.897 -321.473 -1752.63 -169.3 -150.481 -1657.22 -326.193 -134.957 -1628.81 
-22 1663.15 -21.9987 -0 -0 -0 -0.001, 0.036, 0.999, 154.473, -27.329, 0.000,0.930, 0.369, -0.001, 154.480, -0.368, 0.929, 0.036, -27.821, 0.014, -0.033, 0.999, -13.755, 0.000, 0.000, 0.000, 1.000,  122 6 12 13 29 9 -199.94 -299.222 -1733.55 -168.07 -121.663 -1649.87 -325.106 -105.823 -1622.42 
-18 1663.15 -17.9976 -0.000488281 -0 -0 -0.001, 0.030, 1.000, 127.315, -17.977, 0.000,0.953, 0.304, -0.001, 127.330, -0.304, 0.952, 0.030, -18.314, 0.010, -0.028, 1.000, -11.433, 0.000, 0.000, 0.000, 1.000,  122 6 12 13 29 15 -197.203 -275.628 -1715.99 -167.131 -92.3775 -1644.6 -324.334 -76.2891 -1618.15 
-14 1663.15 -13.9986 -0.000488281 -0 -0 -0.002, 0.024, 1.000, 99.614, -10.598, 0.000,0.971, 0.238, -0.002, 99.630, -0.238, 0.971, 0.024, -10.810, 0.007, -0.022, 1.000, -9.015, 0.000, 0.000, 0.000, 1.000,  122 6 12 13 29 21 -194.738 -250.893 -1700.2 -166.499 -62.8135 -1641.41 -323.862 -46.5575 -1615.94 
-10 1663.15 -9.99751 -0 -0 -0 -0.002, 0.017, 1.000, 71.423, -5.130, 0.000,0.985, 0.170, -0.002, 71.435, -0.170, 0.985, 0.017, -5.242, 0.005, -0.017, 1.000, -6.517, 0.000, 0.000, 0.000, 1.000,  122 6 12 13 29 27 -192.503 -225.061 -1686.07 -166.184 -33.0546 -1640.31 -323.711 -16.6963 -1615.87 
-6 1663.15 -5.99849 0.000488281 -0 -0 -0.001, 0.010, 1.000, 42.987, -1.670, 0.000,0.995, 0.103, -0.001, 42.992, -0.103, 0.995, 0.010, -1.711, 0.003, -0.010, 1.000, -3.948, 0.000, 0.000, 0.000, 1.000,  122 6 12 13 29 34 -190.569 -198.353 -1673.9 -166.172 -3.35482 -1641.24 -323.88 13.0171 -1617.92 
-2 1663.15 -1.99809 0.000488281 -0 -0 -0.001, 0.003, 1.000, 14.319, -0.085, 0.000,0.999, 0.035, -0.001, 14.320, -0.035, 0.999, 0.003, -0.089, 0.001, -0.003, 1.000, -1.310, 0.000, 0.000, 0.000, 1.000,  122 6 12 13 29 40 -188.903 -170.795 -1663.45 -166.466 26.2551 -1644.16 -324.351 42.5789 -1622.02 
2 1663.15 2.00093 0.000976562 -0 -0 0.001, -0.003, 1.000, -14.376, -0.452, 0.000,0.999, -0.035, 0.001, -14.375, 0.035, 0.999, -0.003, -0.456, -0.000, 0.003, 1.000, 1.362, 0.000, 0.000, 0.000, 1.000,  122 6 12 13 29 46 -187.5 -142.572 -1654.85 -167.067 55.5579 -1649.16 -325.114 71.7499 -1628.09 
6 1663.15 6.00201 -0.000488281 -0 -0 0.002, -0.010, 1.000, -42.996, -2.775, 0.000,0.995, -0.104, 0.002, -42.987, 0.104, 0.995, -0.010, -2.815, -0.001, 0.010, 1.000, 4.062, 0.000, 0.000, 0.000, 1.000,  122 6 12 13 29 52 -186.387 -113.793 -1648.21 -167.959 84.4498 -1656.14 -326.152 100.441 -1636.17 
10 1663.15 10.0024 -0 -0 -0 0.004, -0.016, 1.000, -71.377, -7.127, 0.000,0.985, -0.172, 0.004, -71.346, 0.172, 0.985, -0.016, -7.236, -0.002, 0.017, 1.000, 6.779, 0.000, 0.000, 0.000, 1.000,  122 6 12 13 29 58 -185.571 -84.6428 -1643.64 -169.166 112.786 -1665.16 -327.513 128.478 -1646.23 
14 1663.15 14.0007 0.000488281 -0 -0 0.007, -0.022, 1.000, -99.404, -13.374, 0.000,0.971, -0.240, 0.007, -99.336, 0.240, 0.970, -0.022, -13.587, -0.002, 0.023, 1.000, 9.501, 0.000, 0.000, 0.000, 1.000,  122 6 12 13 30 4 -185.043 -55.217 -1640.99 -170.666 140.411 -1676.12 -329.165 155.744 -1658.26 
18 1663.15 18.0011 -0.000976562 -0 -0 0.011, -0.029, 1.000, -126.912, -21.438, 0.000,0.952, -0.306, 0.011, -126.784, 0.306, 0.951, -0.029, -21.795, -0.001, 0.031, 1.000, 12.216, 0.000, 0.000, 0.000, 1.000,  122 6 12 13 30 10 -184.823 -25.7118 -1640.37 -172.434 167.161 -1688.8 -331.087 182.073 -1672.1 
22 1663.15 22.0015 0.000976562 -0 -0 0.014, -0.035, 0.999, -153.871, -31.418, 0.000,0.928, -0.372, 0.014, -153.658, 0.372, 0.928, -0.035, -31.944, -0.000, 0.038, 0.999, 14.902, 0.000, 0.000, 0.000, 1.000,  122 6 12 13 30 16 -184.882 3.84466 -1641.73 -174.484 193.014 -1703.41 -333.292 207.407 -1687.76 
26 1663.15 26.0026 0.000488281 -0 -0 0.018, -0.041, 0.999, -180.012, -43.157, 0.000,0.900, -0.436, 0.018, -179.691, 0.436, 0.899, -0.041, -43.871, 0.001, 0.045, 0.999, 17.551, 0.000, 0.000, 0.000, 1.000,  122 6 12 13 30 22 -185.242 33.1565 -1645.02 -176.794 217.707 -1719.72 -335.745 231.529 -1705 
30 1663.15 30.001 0.000488281 -0 -0 0.023, -0.046, 0.999, -205.262, -56.699, 0.000,0.867, -0.497, 0.023, -204.804, 0.498, 0.866, -0.046, -57.622, 0.003, 0.051, 0.999, 20.155, 0.000, 0.000, 0.000, 1.000,  122 6 12 13 30 28 -185.908 62.1291 -1650.35 -179.371 241.184 -1737.73 -338.447 254.353 -1723.92 
30 1663.15 30.0016 -0 -0 -0 0.023, -0.046, 0.999, -205.264, -56.693, 0.000,0.867, -0.498, 0.023, -204.805, 0.498, 0.866, -0.046, -57.618, 0.003, 0.051, 0.999, 20.154, 0.000, 0.000, 0.000, 1.000,  122 6 12 13 30 31 -185.905 62.129 -1650.33 -179.37 241.185 -1737.74 -338.451 254.36 -1723.94 
26 1663.15 26.0013 -0.000488281 -0 -0 0.018, -0.041, 0.999, -180.005, -43.152, 0.000,0.900, -0.436, 0.018, -179.684, 0.436, 0.899, -0.041, -43.865, 0.001, 0.044, 0.999, 17.550, 0.000, 0.000, 0.000, 1.000,  122 6 12 13 30 33 -185.238 33.1482 -1645 -176.795 217.701 -1719.73 -335.742 231.523 -1705 
22 1663.15 22.0009 -0.000488281 -0 -0 0.014, -0.035, 0.999, -153.857, -31.426, 0.000,0.928, -0.372, 0.014, -153.646, 0.372, 0.928, -0.035, -31.950, -0.000, 0.038, 0.999, 14.904, 0.000, 0.000, 0.000, 1.000,  122 6 12 13 30 36 -184.887 3.832 -1641.74 -174.487 193.004 -1703.42 -333.293 207.393 -1687.73 
18 1663.15 18.0005 -0.000488281 -0 -0 0.010, -0.029, 1.000, -126.899, -21.450, 0.000,0.952, -0.306, 0.010, -126.771, 0.306, 0.951, -0.029, -21.805, -0.001, 0.031, 1.000, 12.212, 0.000, 0.000, 0.000, 1.000,  122 6 12 13 30 39 -184.821 -25.728 -1640.39 -172.434 167.153 -1688.8 -331.086 182.054 -1672.07 
14 1663.15 14.0001 -0 -0 -0 0.007, -0.022, 1.000, -99.398, -13.373, 0.000,0.971, -0.240, 0.007, -99.330, 0.240, 0.970, -0.022, -13.585, -0.002, 0.023, 1.000, 9.497, 0.000, 0.000, 0.000, 1.000,  122 6 12 13 30 42 -185.038 -55.2289 -1641 -170.664 140.408 -1676.11 -329.163 155.731 -1658.23 
10 1663.15 10.0017 -0.000488281 -0 -0 0.004, -0.016, 1.000, -71.379, -7.111, 0.000,0.985, -0.172, 0.004, -71.348, 0.172, 0.985, -0.016, -7.222, -0.002, 0.017, 1.000, 6.778, 0.000, 0.000, 0.000, 1.000,  122 6 12 13 30 45 -185.565 -84.6422 -1643.63 -169.165 112.786 -1665.15 -327.517 128.471 -1646.25 
6 1663.15 6.00064 -0.000488281 -0 -0 0.002, -0.010, 1.000, -42.988, -2.799, 0.000,0.995, -0.104, 0.002, -42.979, 0.104, 0.995, -0.010, -2.839, -0.001, 0.010, 1.000, 4.060, 0.000, 0.000, 0.000, 1.000,  122 6 12 13 30 48 -186.385 -113.803 -1648.24 -167.964 84.4461 -1656.16 -326.162 100.425 -1636.2 
2 1663.15 1.99887 0.000488281 -0 -0 0.001, -0.003, 1.000, -14.365, -0.455, 0.000,0.999, -0.034, 0.001, -14.365, 0.034, 0.999, -0.003, -0.460, -0.000, 0.003, 1.000, 1.358, 0.000, 0.000, 0.000, 1.000,  122 6 12 13 30 50 -187.499 -142.584 -1654.88 -167.063 55.5492 -1649.15 -325.118 71.7312 -1628.09 
-2 1663.15 -1.99947 0.000488281 -0 -0 -0.001, 0.003, 1.000, 14.327, -0.086, 0.000,0.999, 0.035, -0.001, 14.328, -0.035, 0.999, 0.003, -0.091, 0.001, -0.003, 1.000, -1.315, 0.000, 0.000, 0.000, 1.000,  122 6 12 13 30 53 -188.897 -170.804 -1663.46 -166.466 26.2482 -1644.16 -324.35 42.5645 -1622.01 
-6 1663.15 -6.00055 -0 -0 -0 -0.001, 0.010, 1.000, 43.000, -1.658, 0.000,0.995, 0.103, -0.001, 43.006, -0.103, 0.995, 0.010, -1.699, 0.003, -0.010, 1.000, -3.954, 0.000, 0.000, 0.000, 1.000,  122 6 12 13 30 56 -190.563 -198.369 -1673.9 -166.167 -3.3679 -1641.21 -323.88 12.9939 -1617.91 
-10 1663.15 -9.99889 -0 -0 -0 -0.002, 0.017, 1.000, 71.440, -5.141, 0.000,0.985, 0.171, -0.002, 71.452, -0.171, 0.985, 0.017, -5.251, 0.005, -0.016, 1.000, -6.521, 0.000, 0.000, 0.000, 1.000,  122 6 12 13 30 59 -192.502 -225.078 -1686.1 -166.183 -33.0698 -1640.3 -323.715 -16.7199 -1615.9 
-14 1663.15 -14 -0 -0 -0 -0.002, 0.024, 1.000, 99.638, -10.601, 0.000,0.971, 0.238, -0.002, 99.653, -0.238, 0.971, 0.024, -10.815, 0.007, -0.023, 1.000, -9.018, 0.000, 0.000, 0.000, 1.000,  122 6 12 13 31 2 -194.739 -250.917 -1700.21 -166.499 -62.837 -1641.42 -323.86 -46.5892 -1615.92 
-18 1663.15 -17.9997 -0 -0 -0 -0.001, 0.030, 1.000, 127.337, -17.987, 0.000,0.953, 0.304, -0.001, 127.352, -0.304, 0.952, 0.030, -18.327, 0.010, -0.028, 1.000, -11.438, 0.000, 0.000, 0.000, 1.000,  122 6 12 13 31 4 -197.201 -275.646 -1716 -167.131 -92.4002 -1644.61 -324.329 -76.318 -1618.12 
-22 1663.15 -21.9987 -0 -0 -0 -0.001, 0.036, 0.999, 154.495, -27.338, 0.000,0.930, 0.369, -0.001, 154.502, -0.368, 0.929, 0.036, -27.830, 0.014, -0.033, 0.999, -13.761, 0.000, 0.000, 0.000, 1.000,  122 6 12 13 31 7 -199.938 -299.24 -1733.57 -168.067 -121.69 -1649.88 -325.107 -105.854 -1622.44 
-26 1663.15 -26.0005 0.000488281 -0 -0 0.001, 0.042, 0.999, 180.903, -38.562, 0.000,0.902, 0.431, 0.001, 180.894, -0.431, 0.901, 0.042, -39.232, 0.018, -0.038, 0.999, -15.982, 0.000, 0.000, 0.000, 1.000,  122 6 12 13 31 10 -202.898 -321.49 -1752.67 -169.304 -150.506 -1657.24 -326.194 -134.986 -1628.84 
-30 1663.15 -29.9988 0.000488281 -0 -0 0.002, 0.048, 0.999, 206.500, -51.627, 0.000,0.871, 0.492, 0.002, 206.458, -0.491, 0.870, 0.048, -52.499, 0.022, -0.043, 0.999, -18.089, 0.000, 0.000, 0.000, 1.000,  122 6 12 13 31 13 -206.084 -342.368 -1773.35 -170.837 -178.745 -1666.58 -327.584 -163.615 -1637.2 
-30 1663.15 -29.9988 -0.000488281 -0 -0 0.002, 0.048, 0.999, 206.498, -51.627, 0.000,0.871, 0.492, 0.002, 206.457, -0.492, 0.869, 0.048, -52.496, 0.022, -0.043, 0.999, -18.089, 0.000, 0.000, 0.000, 1.000,  122 6 12 13 31 19 -206.086 -342.373 -1773.37 -170.833 -178.739 -1666.56 -327.584 -163.613 -1637.2 
-26 1663.15 -25.9977 0.000488281 -0 -0 0.001, 0.042, 0.999, 180.874, -38.535, 0.000,0.902, 0.431, 0.001, 180.866, -0.431, 0.901, 0.042, -39.203, 0.018, -0.038, 0.999, -15.979, 0.000, 0.000, 0.000, 1.000,  122 6 12 13 31 25 -202.898 -321.469 -1752.65 -169.297 -150.475 -1657.21 -326.193 -134.959 -1628.83 
-22 1663.15 -21.9973 -0 -0 -0 -0.001, 0.036, 0.999, 154.470, -27.314, 0.000,0.930, 0.368, -0.001, 154.477, -0.368, 0.929, 0.036, -27.805, 0.014, -0.033, 0.999, -13.759, 0.000, 0.000, 0.000, 1.000,  122 6 12 13 31 31 -199.932 -299.217 -1733.52 -168.066 -121.666 -1649.87 -325.099 -105.825 -1622.44 
-18 1663.15 -17.9976 -0.000488281 -0 -0 -0.001, 0.030, 1.000, 127.318, -17.971, 0.000,0.953, 0.304, -0.001, 127.333, -0.304, 0.952, 0.030, -18.310, 0.010, -0.028, 1.000, -11.435, 0.000, 0.000, 0.000, 1.000,  122 6 12 13 31 37 -197.202 -275.634 -1715.98 -167.127 -92.3785 -1644.6 -324.331 -76.2923 -1618.13 
-14 1663.15 -13.9993 -0.000488281 -0 -0 -0.002, 0.024, 1.000, 99.614, -10.584, 0.000,0.971, 0.238, -0.002, 99.630, -0.238, 0.971, 0.024, -10.797, 0.007, -0.023, 1.000, -9.015, 0.000, 0.000, 0.000, 1.000,  122 6 12 13 31 43 -194.738 -250.894 -1700.18 -166.496 -62.8149 -1641.41 -323.852 -46.5631 -1615.92 
-10 1663.15 -9.9982 -0.00146484 -0 -0 -0.002, 0.017, 1.000, 71.423, -5.134, 0.000,0.985, 0.171, -0.002, 71.434, -0.171, 0.985, 0.017, -5.245, 0.005, -0.017, 1.000, -6.515, 0.000, 0.000, 0.000, 1.000,  122 6 12 13 31 49 -192.508 -225.06 -1686.09 -166.182 -33.0537 -1640.3 -323.709 -16.6977 -1615.87 
-6 1663.15 -5.99849 0.000976562 -0 -0 -0.001, 0.010, 1.000, 42.987, -1.668, 0.000,0.995, 0.103, -0.001, 42.993, -0.103, 0.995, 0.010, -1.708, 0.003, -0.010, 1.000, -3.951, 0.000, 0.000, 0.000, 1.000,  122 6 12 13 31 55 -190.568 -198.356 -1673.91 -166.168 -3.35404 -1641.22 -323.877 13.0187 -1617.92 
-2 1663.15 -1.99809 -0 -0 -0 -0.001, 0.003, 1.000, 14.321, -0.107, 0.000,0.999, 0.034, -0.001, 14.322, -0.034, 0.999, 0.003, -0.112, 0.001, -0.003, 1.000, -1.315, 0.000, 0.000, 0.000, 1.000,  122 6 12 13 32 1 -188.901 -170.795 -1663.46 -166.465 26.2554 -1644.2 -324.344 42.5819 -1622.02 
2 1663.15 2.0023 -0.000488281 -0 -0 0.001, -0.003, 1.000, -14.377, -0.448, 0.000,0.999, -0.035, 0.001, -14.377, 0.035, 0.999, -0.003, -0.453, -0.000, 0.003, 1.000, 1.356, 0.000, 0.000, 0.000, 1.000,  122 6 12 13 32 7 -187.495 -142.571 -1654.85 -167.06 55.5582 -1649.15 -325.107 71.7495 -1628.08 
6 1663.15 6.0027 -0.000488281 -0 -0 0.002, -0.010, 1.000, -42.992, -2.800, 0.000,0.995, -0.103, 0.002, -42.983, 0.103, 0.995, -0.010, -2.840, -0.001, 0.010, 1.000, 4.056, 0.000, 0.000, 0.000, 1.000,  122 6 12 13 32 13 -186.383 -113.8 -1648.26 -167.958 84.4507 -1656.15 -326.152 100.437 -1636.19 
10 1663.15 10.0017 -0 -0 -0 0.004, -0.016, 1.000, -71.374, -7.129, 0.000,0.985, -0.172, 0.004, -71.344, 0.172, 0.985, -0.016, -7.239, -0.002, 0.017, 1.000, 6.773, 0.000, 0.000, 0.000, 1.000,  122 6 12 13 32 19 -185.567 -84.6471 -1643.64 -169.159 112.786 -1665.17 -327.509 128.479 -1646.26 
14 1663.15 14.0014 -0 -0 -0 0.007, -0.022, 1.000, -99.403, -13.369, 0.000,0.971, -0.240, 0.007, -99.335, 0.240, 0.970, -0.022, -13.582, -0.002, 0.023, 1.000, 9.496, 0.000, 0.000, 0.000, 1.000,  122 6 12 13 32 25 -185.04 -55.2233 -1641 -170.658 140.413 -1676.11 -329.157 155.742 -1658.24 
18 1663.15 18.0018 -0 -0 -0 0.010, -0.029, 1.000, -126.911, -21.430, 0.000,0.952, -0.306, 0.010, -126.783, 0.306, 0.951, -0.029, -21.787, -0.001, 0.031, 1.000, 12.213, 0.000, 0.000, 0.000, 1.000,  122 6 12 13 32 31 -184.822 -25.7184 -1640.37 -172.427 167.164 -1688.78 -331.079 182.068 -1672.07 
22 1663.15 22.0022 -0 -0 -0 0.014, -0.035, 0.999, -153.864, -31.423, 0.000,0.928, -0.372, 0.014, -153.652, 0.372, 0.928, -0.035, -31.949, -0.000, 0.038, 0.999, 14.896, 0.000, 0.000, 0.000, 1.000,  122 6 12 13 32 37 -184.879 3.83694 -1641.74 -174.478 193.009 -1703.42 -333.29 207.401 -1687.76 
26 1663.15 26.0019 0.000488281 -0 -0 0.018, -0.041, 0.999, -180.009, -43.158, 0.000,0.900, -0.436, 0.018, -179.688, 0.436, 0.899, -0.041, -43.871, 0.001, 0.044, 0.999, 17.545, 0.000, 0.000, 0.000, 1.000,  122 6 12 13 32 43 -185.236 33.1514 -1645.03 -176.79 217.706 -1719.71 -335.738 231.524 -1704.98 
30 1663.15 30.0023 -0.000488281 -0 -0 0.023, -0.046, 0.999, -205.262, -56.695, 0.000,0.867, -0.497, 0.023, -204.803, 0.498, 0.866, -0.046, -57.620, 0.003, 0.051, 0.999, 20.151, 0.000, 0.000, 0.000, 1.000,  122 6 12 13 32 49 -185.904 62.1249 -1650.34 -179.368 241.185 -1737.74 -338.448 254.351 -1723.93 
30 1663.15 30.0023 -0.000488281 -0 -0 0.023, -0.046, 0.999, -205.264, -56.710, 0.000,0.867, -0.497, 0.023, -204.807, 0.498, 0.866, -0.046, -57.634, 0.003, 0.051, 0.999, 20.152, 0.000, 0.000, 0.000, 1.000,  122 6 12 13 32 52 -185.907 62.1303 -1650.37 -179.369 241.189 -1737.74 -338.446 254.355 -1723.92 
26 1663.15 26.0006 -0.00146484 -0 -0 0.018, -0.041, 0.999, -180.005, -43.136, 0.000,0.900, -0.436, 0.018, -179.684, 0.436, 0.899, -0.041, -43.851, 0.001, 0.045, 0.999, 17.550, 0.000, 0.000, 0.000, 1.000,  122 6 12 13 32 55 -185.238 33.1473 -1645.01 -176.793 217.699 -1719.7 -335.741 231.518 -1704.98 
22 1663.15 22.0009 -0.000488281 -0 -0 0.014, -0.035, 0.999, -153.859, -31.417, 0.000,0.928, -0.372, 0.014, -153.646, 0.372, 0.928, -0.035, -31.941, -0.000, 0.038, 0.999, 14.901, 0.000, 0.000, 0.000, 1.000,  122 6 12 13 32 58 -184.882 3.83075 -1641.72 -174.485 193.005 -1703.41 -333.29 207.393 -1687.73 
18 1663.15 18.0005 -0.000488281 -0 -0 0.011, -0.029, 1.000, -126.897, -21.437, 0.000,0.952, -0.306, 0.011, -126.768, 0.306, 0.951, -0.029, -21.794, -0.001, 0.031, 1.000, 12.210, 0.000, 0.000, 0.000, 1.000,  122 6 12 13 33 1 -184.817 -25.732 -1640.39 -172.431 167.149 -1688.78 -331.085 182.051 -1672.09 
14 1663.15 14.0007 -0 -0 -0 0.007, -0.022, 1.000, -99.396, -13.379, 0.000,0.971, -0.240, 0.007, -99.328, 0.240, 0.970, -0.022, -13.591, -0.002, 0.023, 1.000, 9.494, 0.000, 0.000, 0.000, 1.000,  122 6 12 13 33 4 -185.034 -55.2307 -1641 -170.665 140.408 -1676.13 -329.163 155.723 -1658.24 
10 1663.15 10.0017 -0.000976562 -0 -0 0.004, -0.016, 1.000, -71.378, -7.131, 0.000,0.985, -0.172, 0.004, -71.348, 0.172, 0.985, -0.016, -7.241, -0.002, 0.017, 1.000, 6.775, 0.000, 0.000, 0.000, 1.000,  122 6 12 13 33 6 -185.563 -84.6432 -1643.64 -169.165 112.79 -1665.17 -327.518 128.469 -1646.27 
6 1663.15 6.00133 -0 -0 -0 0.002, -0.010, 1.000, -42.987, -2.804, 0.000,0.995, -0.103, 0.002, -42.978, 0.104, 0.995, -0.010, -2.843, -0.001, 0.010, 1.000, 4.054, 0.000, 0.000, 0.000, 1.000,  122 6 12 13 33 9 -186.379 -113.806 -1648.25 -167.959 84.4472 -1656.16 -326.154 100.421 -1636.18 
2 1663.15 2.00024 -0.000488281 -0 -0 0.001, -0.003, 1.000, -14.366, -0.460, 0.000,0.999, -0.035, 0.001, -14.365, 0.035, 0.999, -0.003, -0.465, -0.000, 0.003, 1.000, 1.351, 0.000, 0.000, 0.000, 1.000,  122 6 12 13 33 12 -187.49 -142.584 -1654.86 -167.061 55.5489 -1649.17 -325.114 71.7286 -1628.1 
-2 1663.15 -1.99947 -0.000488281 -0 -0 -0.001, 0.003, 1.000, 14.333, -0.087, 0.000,0.999, 0.034, -0.001, 14.333, -0.034, 0.999, 0.003, -0.092, 0.001, -0.003, 1.000, -1.319, 0.000, 0.000, 0.000, 1.000,  122 6 12 13 33 15 -188.894 -170.807 -1663.45 -166.462 26.2402 -1644.17 -324.348 42.5551 -1622.01 
-6 1663.15 -5.99918 -0 -0 -0 -0.001, 0.010, 1.000, 43.002, -1.664, 0.000,0.995, 0.103, -0.001, 43.008, -0.103, 0.995, 0.010, -1.704, 0.002, -0.010, 1.000, -3.959, 0.000, 0.000, 0.000, 1.000,  122 6 12 13 33 18 -190.557 -198.37 -1673.91 -166.165 -3.37208 -1641.22 -323.878 12.9894 -1617.91 
-10 1663.15 -10.0003 -0.000488281 -0 -0 -0.002, 0.017, 1.000, 71.449, -5.158, 0.000,0.985, 0.171, -0.002, 71.461, -0.171, 0.985, 0.017, -5.270, 0.005, -0.017, 1.000, -6.523, 0.000, 0.000, 0.000, 1.000,  122 6 12 13 33 21 -192.505 -225.087 -1686.13 -166.181 -33.077 -1640.31 -323.708 -16.7293 -1615.87 
-14 1663.15 -14 0.000488281 -0 -0 -0.002, 0.024, 1.000, 99.635, -10.588, 0.000,0.971, 0.238, -0.002, 99.650, -0.238, 0.971, 0.024, -10.802, 0.007, -0.023, 1.000, -9.023, 0.000, 0.000, 0.000, 1.000,  122 6 12 13 33 23 -194.73 -250.916 -1700.19 -166.494 -62.8347 -1641.41 -323.854 -46.5897 -1615.92 
-18 1663.15 -17.9997 -0 -0 -0 -0.001, 0.030, 1.000, 127.341, -17.986, 0.000,0.953, 0.304, -0.001, 127.356, -0.304, 0.952, 0.030, -18.325, 0.010, -0.028, 1.000, -11.442, 0.000, 0.000, 0.000, 1.000,  122 6 12 13 33 26 -197.2 -275.656 -1716.01 -167.123 -92.4001 -1644.6 -324.327 -76.3198 -1618.14 
-22 1663.15 -21.9987 -0 -0 -0 -0.001, 0.036, 0.999, 154.492, -27.327, 0.000,0.930, 0.369, -0.001, 154.499, -0.368, 0.929, 0.036, -27.819, 0.014, -0.033, 0.999, -13.763, 0.000, 0.000, 0.000, 1.000,  122 6 12 13 33 29 -199.932 -299.238 -1733.55 -168.065 -121.688 -1649.88 -325.103 -105.861 -1622.44 
-26 1663.15 -25.9991 -0.000488281 -0 -0 0.001, 0.042, 0.999, 180.908, -38.552, 0.000,0.902, 0.431, 0.001, 180.898, -0.431, 0.901, 0.042, -39.223, 0.018, -0.038, 0.999, -15.990, 0.000, 0.000, 0.000, 1.000,  122 6 12 13 33 32 -202.891 -321.497 -1752.67 -169.293 -150.509 -1657.23 -326.183 -134.993 -1628.82 
-30 1663.15 -29.9995 0.000976562 -0 -0 0.002, 0.048, 0.999, 206.506, -51.636, 0.000,0.871, 0.492, 0.002, 206.464, -0.491, 0.870, 0.048, -52.507, 0.022, -0.043, 0.999, -18.097, 0.000, 0.000, 0.000, 1.000,  122 6 12 13 33 35 -206.077 -342.374 -1773.36 -170.831 -178.751 -1666.6 -327.579 -163.625 -1637.22 
