0 0.00136108 -0.000488281 -0 0.0281254 2.97483 0.419824 -0.127092 
-10 0.00273437 -0 -0 -9.99755 2.94797 0.424801 -0.131867 
-8 0.00136108 0.000488281 -0 -8.00904 2.95289 0.425287 -0.129654 
-6 0.00136108 -0 -0 -6.01094 2.95806 0.425819 -0.127531 
-4 0.00204773 0.000488281 -0 -4.00736 2.96328 0.426327 -0.125599 
-2 0.00273437 -0.000488281 -0 -2.00461 2.96846 0.426826 -0.123885 
0 0.00273437 0.000976562 -0 0.0281254 2.97398 0.427366 -0.122262 
2 0.00204773 -0.00146484 -0 1.99532 2.9793 0.427871 -0.120918 
4 0.00273437 -0.000976562 -0 3.99769 2.9848 0.428414 -0.119709 
6 0.00204773 -0.000488281 -0 5.99451 2.99022 0.428915 -0.118733 
8 0.00204773 -0.000488281 -0 8.00605 2.99575 0.429431 -0.117923 
10 0.00204773 0.00146484 -0 9.99632 3.0013 0.429941 -0.117318 
10 0.00204773 -0.000976562 -0 9.99632 3.0013 0.429945 -0.117313 
8 0.00204773 0.00146484 -0 8.00605 2.99578 0.429438 -0.117918 
6 0.00273437 0.00146484 -0 5.99451 2.99023 0.428923 -0.118727 
4 0.00204773 -0.000976562 -0 3.99769 2.98481 0.428413 -0.119702 
2 0.00204773 -0 -0 1.99532 2.97932 0.427877 -0.12091 
0 0.00273437 -0.000976562 -0 0.0281254 2.97398 0.427368 -0.122261 
-2 0.00204773 0.000488281 -0 -2.00461 2.96849 0.426822 -0.123872 
-4 0.00273437 0.000976562 -0 -4.00736 2.96329 0.426326 -0.125593 
-6 0.00204773 -0 -0 -6.01094 2.95809 0.42581 -0.127518 
-8 0.00204773 -0 -0.00175781 -8.00904 2.95291 0.425284 -0.129647 
-10 0.00136108 -0.000488281 -0 -9.99755 2.94797 0.424801 -0.131871 
-10 0.00136108 -0.000976562 -0 -9.99755 2.94797 0.424803 -0.131873 
-8 0.00204773 0.00146484 -0 -8.00904 2.95289 0.425281 -0.129656 
-6 0.00273437 -0 -0 -6.01094 2.95806 0.425807 -0.127532 
-4 0.00273437 0.000488281 -0 -4.00736 2.96327 0.426325 -0.125598 
-2 0.00136108 -0.000488281 -0 -2.00461 2.96847 0.426825 -0.123882 
0 0.00204773 -0.000488281 -0 0.0281254 2.97398 0.427367 -0.122259 
2 0.00204773 -0.000976562 -0 1.99532 2.97931 0.427871 -0.120914 
4 0.00273437 -0 -0 3.99769 2.9848 0.428418 -0.119706 
6 0.00204773 -0.000488281 -0 5.99451 2.99022 0.428923 -0.118729 
8 0.00204773 -0 -0 8.00605 2.99575 0.429434 -0.117922 
10 0.00136108 -0.000488281 -0 9.99632 3.00129 0.429954 -0.117311 
10 0.00204773 -0 -0.00175781 9.99632 3.00129 0.429951 -0.117307 
8 0.00273437 -0 -0 8.00605 2.99578 0.429447 -0.117908 
6 0.00204773 -0.000488281 -0 5.99451 2.99022 0.428929 -0.118724 
4 0.00204773 -0.000976562 -0 3.99769 2.98481 0.428425 -0.119701 
2 0.00273437 -0.00146484 -0 1.99532 2.97931 0.427888 -0.120906 
0 0.00204773 -0.000488281 -0 0.0281254 2.97397 0.427381 -0.122255 
-2 0.00204773 0.000976562 -0 -2.00461 2.96848 0.426838 -0.123874 
-4 0.00204773 0.000976562 -0 -4.00736 2.96328 0.42633 -0.125591 
-6 0.00204773 0.000488281 -0 -6.01094 2.95808 0.425821 -0.127519 
-8 0.00136108 0.000488281 -0 -8.00904 2.9529 0.425296 -0.129642 
-10 0.00273437 -0 -0 -9.99755 2.94796 0.424799 -0.131869 
-10 0.00204773 -0 -0 -9.99755 2.94796 0.424808 -0.131867 
-8 0.00204773 0.00146484 -0 -8.00904 2.95288 0.425286 -0.129656 
-6 0.00204773 -0 -0 -6.01094 2.95805 0.425811 -0.127531 
-4 0.00204773 0.000976562 -0 -4.00736 2.96326 0.426333 -0.1256 
-2 0.00273437 -0.000976562 0.00175781 -2.00461 2.96846 0.426827 -0.123887 
0 0.00273437 0.000488281 -0 0.0281254 2.97397 0.427377 -0.122264 
2 0.00273437 -0.000488281 -0 1.99532 2.97931 0.42788 -0.120913 
4 0.00273437 -0 -0 3.99769 2.9848 0.428403 -0.119703 
6 0.00204773 -0 -0 5.99451 2.99022 0.428921 -0.118732 
-4 0.00204773 -0.000488281 -0 -4.00736 2.96328 0.426326 -0.125592 
-6 0.00273437 0.000488281 -0 -6.01094 2.95808 0.425821 -0.127523 
-8 0.00204773 0.000488281 -0.00175781 -8.00904 2.95291 0.425289 -0.129643 
-10 0.00273437 -0.000488281 -0 -9.99755 2.94796 0.42481 -0.131867 
-10 0.00342102 -0.000488281 -0 -9.99755 2.94796 0.424804 -0.131868 
-8 0.00342102 0.000488281 -0 -8.00904 2.95288 0.425278 -0.12966 
-6 0.00136108 -0 -0 -6.01094 2.95805 0.425809 -0.127534 
-4 0.00204773 -0.000488281 -0 -4.00736 2.96326 0.426318 -0.125606 
-2 0.00136108 0.000976562 -0 -2.00461 2.96847 0.426822 -0.123878 
0 0.00273437 -0.000976562 -0 0.0281254 2.97398 0.427368 -0.122261 
2 0.00273437 -0 -0 1.99532 2.97931 0.427848 -0.120914 
4 0.00204773 -0 -0 3.99769 2.9848 0.428412 -0.119702 
6 0.00204773 0.000488281 -0 5.99451 2.99022 0.428911 -0.118728 
8 0.00136108 -0 -0 8.00605 2.99575 0.429435 -0.117918 
10 0.00273437 -0 -0 9.99632 3.00129 0.429949 -0.117307 
10 0.00204773 0.000488281 -0 9.99632 3.00129 0.429944 -0.117313 
8 0.00204773 -0.000488281 -0 8.00605 2.99578 0.429439 -0.117909 
6 0.00136108 -0.000488281 -0 5.99451 2.99022 0.428926 -0.118717 
4 0.00273437 0.000976562 -0 3.99769 2.98481 0.428418 -0.119695 
2 0.00204773 -0.00146484 -0 1.99532 2.97931 0.427884 -0.120904 
0 0.00273437 -0.00146484 -0 0.0281254 2.97398 0.427378 -0.122254 
-2 0.00273437 -0.000976562 -0 -2.00461 2.96848 0.426832 -0.123868 
-4 0.00204773 0.000488281 -0 -4.00736 2.96328 0.426332 -0.125593 
-6 0.00204773 -0.000976562 -0.00175781 -6.01094 2.95808 0.425807 -0.127521 
-8 0.00204773 -0 0.00175781 -8.00904 2.9529 0.425293 -0.129642 
-10 0.00136108 -0.000488281 0.00175781 -9.99755 2.94796 0.424803 -0.131869 
0 0.000674438 -0 -0 0.0281254 2.97398 0.427373 -0.122256 
2 0.00204773 -0.00146484 -0 1.99532 2.9793 0.427876 -0.120914 
4 0.00136108 -0.000488281 -0 3.99769 2.98479 0.42842 -0.119704 
6 0.00204773 -0.000976562 -0 5.99451 2.99022 0.428926 -0.118725 
8 0.00204773 -0.000488281 -0 8.00605 2.99575 0.429448 -0.117916 
10 0.00273437 -0 -0.00175781 9.99632 3.00129 0.429956 -0.117308 
10 0.00204773 -0 -0 9.99632 3.00129 0.429954 -0.11731 
8 0.00204773 -0 0.00175781 8.00605 2.99577 0.42945 -0.117914 
6 0.00204773 -0 -0 5.99451 2.99023 0.428938 -0.118718 
4 0.00204773 -0.000488281 -0 3.99769 2.9848 0.428427 -0.119699 
2 0.00204773 -0 -0 1.99532 2.97931 0.427888 -0.120904 
0 0.00204773 -0.00146484 -0 0.0281254 2.97398 0.427384 -0.122255 
-2 0.00204773 -0 -0 -2.00461 2.96848 0.426842 -0.123871 
-4 0.00204773 0.000488281 -0 -4.00736 2.96328 0.426338 -0.12559 
-6 0.00204773 0.000488281 -0 -6.01094 2.95808 0.425821 -0.127514 
-8 0.00273437 0.000976562 -0 -8.00904 2.95291 0.42528 -0.12965 
-10 0.00204773 -0.000488281 -0 -9.99755 2.94796 0.424814 -0.131866 
-10 0.00204773 -0.000976562 -0 -9.99755 2.94796 0.424811 -0.131867 
-8 0.00273437 -0 -0 -8.00904 2.95288 0.425291 -0.129651 
-6 0.00204773 -0.000488281 -0 -6.01094 2.95805 0.425821 -0.127529 
-4 0.00204773 0.000488281 -0 -4.00736 2.96326 0.426325 -0.125607 
-2 0.00204773 -0 -0 -2.00461 2.96847 0.426836 -0.123881 
0 0.00204773 -0.00146484 -0 0.0281254 2.97398 0.427373 -0.122259 
2 0.00204773 -0.000488281 -0 1.99532 2.97931 0.427876 -0.120911 
4 0.00273437 -0.000488281 -0 3.99769 2.9848 0.428418 -0.119705 
6 0.00273437 -0 -0 5.99451 2.99022 0.428931 -0.118728 
8 0.00204773 -0 -0 8.00605 2.99575 0.429443 -0.11792 
10 0.00273437 -0 -0 9.99632 3.0013 0.429958 -0.117302 
10 0.00204773 -0.000488281 -0 9.99632 3.0013 0.429959 -0.117305 
8 0.00136108 -0.000488281 -0 8.00605 2.99578 0.429447 -0.117916 
6 0.00204773 -0.00146484 -0 5.99451 2.99023 0.428925 -0.118723 
4 0.00273437 -0 -0 3.99769 2.98481 0.428418 -0.119696 
2 0.00204773 0.000488281 -0 1.99532 2.97931 0.427885 -0.120906 
0 0.00204773 -0.000976562 -0 0.0281254 2.97397 0.427379 -0.122256 
-2 0.00273437 -0 -0 -2.00461 2.96848 0.426836 -0.12387 
-4 0.00273437 -0.000488281 -0 -4.00736 2.96328 0.42633 -0.125593 
-6 0.00204773 0.000976562 -0 -6.01094 2.95807 0.425818 -0.127518 
-8 0.00204773 -0 -0 -8.00904 2.9529 0.425302 -0.129638 
-10 0.00204773 0.000488281 -0 -9.99755 2.94796 0.424802 -0.131864 
-10 0.00342102 -0.000976562 -0 -9.99755 2.94796 0.424816 -0.131869 
-8 0.00204773 -0.000488281 -0 -8.00904 2.95288 0.425299 -0.129649 
4 0.00204773 -0 -0.00175781 3.99769 2.98479 0.428404 -0.119703 
6 0.00273437 0.000488281 -0 5.99451 2.99022 0.428929 -0.118725 
8 0.00273437 0.000976562 -0.00175781 8.00605 2.99575 0.429444 -0.117912 
10 0.00204773 0.000976562 -0 9.99632 3.00129 0.429957 -0.117309 
10 0.00273437 -0.000976562 -0 9.99632 3.00129 0.429953 -0.117311 
8 0.00204773 -0 -0 8.00605 2.99578 0.42945 -0.117914 
6 0.00204773 -0.000976562 -0 5.99451 2.99023 0.428935 -0.118718 
4 0.00204773 0.000488281 -0 3.99769 2.98481 0.428424 -0.119701 
2 0.00273437 -0.000488281 -0 1.99532 2.97931 0.427889 -0.120905 
0 0.00136108 0.000488281 -0 0.0281254 2.97398 0.427383 -0.122259 
-2 0.00204773 -0.00146484 -0 -2.00461 2.96848 0.426842 -0.123873 
-4 0.00273437 0.000976562 -0 -4.00736 2.96328 0.426336 -0.125594 
-6 0.00273437 -0.000488281 -0 -6.01094 2.95808 0.425816 -0.127517 
-8 0.00342102 0.000976562 -0 -8.00904 2.9529 0.425304 -0.129639 
-10 0.00204773 -0.000488281 -0 -9.99755 2.94796 0.42481 -0.131868 
-10 0.00273437 0.000488281 -0 -9.99755 2.94796 0.424809 -0.13186 
-8 0.00136108 0.000488281 -0 -8.00904 2.95288 0.425275 -0.12965 
-6 0.00136108 0.000488281 -0 -6.01094 2.95805 0.425818 -0.127528 
-4 0.00204773 -0.00146484 -0 -4.00736 2.96326 0.426325 -0.125601 
-2 0.00273437 0.000488281 -0 -2.00461 2.96846 0.426826 -0.123887 
0 0.00204773 0.000488281 -0 0.0281254 2.97398 0.427372 -0.122263 
2 0.00273437 -0 -0 1.99532 2.9793 0.427876 -0.12092 
4 0.00273437 -0.000976562 -0 3.99769 2.98479 0.428418 -0.119707 
6 0.00204773 0.000488281 -0 5.99451 2.99022 0.428922 -0.118724 
8 0.00273437 -0 -0 8.00605 2.99576 0.429442 -0.117918 
10 0.00136108 -0 -0 9.99632 3.00129 0.429955 -0.117309 
10 0.00136108 -0 -0 9.99632 3.00129 0.429958 -0.117306 
8 0.00136108 0.000488281 -0 8.00605 2.99578 0.429435 -0.117912 
6 0.00136108 0.000488281 -0 5.99451 2.99023 0.42893 -0.118718 
-10 0.00204773 -0 -0 -9.99755 2.94796 0.42481 -0.131863 
-8 0.00136108 -0 -0 -8.00904 2.95288 0.425288 -0.129648 
-6 0.00136108 -0.000488281 -0 -6.01094 2.95806 0.425813 -0.127526 
-4 0.00273437 0.000488281 -0 -4.00736 2.96327 0.426327 -0.125591 
-2 0.00273437 0.000976562 -0 -2.00461 2.96846 0.426825 -0.123876 
0 0.00204773 0.000976562 -0 0.0281254 2.97398 0.427364 -0.122257 
2 0.00273437 0.000976562 -0 1.99532 2.9793 0.427875 -0.120909 
4 0.00204773 -0 -0 3.99769 2.98479 0.428423 -0.119697 
6 0.00273437 0.000976562 -0 5.99451 2.99022 0.42891 -0.118722 
8 0.00136108 -0 -0 8.00605 2.99576 0.429439 -0.117915 
10 0.00342102 0.00244141 -0 9.99632 3.00129 0.429963 -0.117306 
10 0.00273437 -0.000488281 -0 9.99632 3.00129 0.429957 -0.117303 
8 0.00204773 0.000488281 -0 8.00605 2.99578 0.429457 -0.117909 
6 0.00204773 -0 -0 5.99451 2.99022 0.428933 -0.118713 
4 0.00204773 -0.000976562 -0 3.99769 2.98481 0.428415 -0.119693 
2 0.00273437 -0.000976562 -0 1.99532 2.97931 0.427881 -0.120897 
0 0.00136108 -0.000976562 -0 0.0281254 2.97398 0.427363 -0.122252 
-2 0.00136108 -0 -0 -2.00461 2.96848 0.426837 -0.123866 
-4 0.00204773 -0.00146484 -0 -4.00736 2.96328 0.426328 -0.125584 
-6 0.00204773 -0.000976562 -0 -6.01094 2.95808 0.425825 -0.127511 
-8 0.00204773 -0.00146484 -0 -8.00904 2.95291 0.425295 -0.129633 
-10 0.00204773 0.000488281 -0 -9.99755 2.94796 0.424801 -0.131863 
-10 0.00204773 -0 -0 -9.99755 2.94796 0.424803 -0.131859 
-8 0.00204773 0.000488281 -0 -8.00904 2.95288 0.425292 -0.129649 
-6 0.00204773 -0.00146484 -0 -6.01094 2.95805 0.425818 -0.127529 
-4 0.00342102 -0 -0 -4.00736 2.96326 0.426333 -0.125594 
-2 0.00204773 -0.000488281 -0 -2.00461 2.96846 0.42683 -0.123875 
0 0.00273437 -0 -0 0.0281254 2.97397 0.427373 -0.122254 
2 0.00273437 -0.000488281 -0 1.99532 2.97931 0.427879 -0.120909 
4 0.00204773 -0.00146484 -0 3.99769 2.98479 0.42842 -0.119697 
6 0.00273437 -0.000488281 -0 5.99451 2.99022 0.428923 -0.118723 
8 0.00342102 -0.000976562 -0 8.00605 2.99576 0.429444 -0.117916 
10 0.00204773 -0 -0 9.99632 3.0013 0.429954 -0.117307 
10 0.00204773 0.000488281 -0 9.99632 3.0013 0.429957 -0.117304 
8 0.00273437 -0 -0 8.00605 2.99578 0.429443 -0.117902 
6 0.00273437 -0 -0 5.99451 2.99022 0.428929 -0.118715 
4 0.00204773 -0 -0 3.99769 2.98482 0.428411 -0.119693 
2 0.00342102 0.000976562 -0 1.99532 2.97932 0.427879 -0.120903 
0 0.00204773 0.00146484 -0 0.0281254 2.97398 0.427372 -0.122254 
-2 0.00273437 0.000488281 -0 -2.00461 2.96848 0.426828 -0.123865 
-4 0.00273437 0.000488281 -0.00175781 -4.00736 2.96328 0.42633 -0.125584 
-6 0.00136108 -0 -0 -6.01094 2.95808 0.425815 -0.127511 
-8 0.00204773 -0 -0 -8.00904 2.95291 0.425293 -0.129633 
-10 0.00273437 -0.000488281 -0 -9.99755 2.94796 0.42481 -0.131862 
-10 0.00204773 -0.000488281 -0 -9.99755 2.94796 0.424808 -0.131861 
-8 0.00204773 0.00146484 -0 -8.00904 2.95289 0.425293 -0.129646 
-6 0.00204773 -0 -0 -6.01094 2.95805 0.42581 -0.127527 
-4 0.00136108 -0.000488281 -0 -4.00736 2.96326 0.426319 -0.125596 
-2 0.00204773 0.000488281 -0 -2.00461 2.96846 0.426821 -0.123878 
0 0.00204773 0.000488281 -0 0.0281254 2.97397 0.427376 -0.122253 
2 0.00136108 -0.000488281 -0 1.99532 2.9793 0.427867 -0.120909 
4 0.00273437 -0 -0 3.99769 2.9848 0.42841 -0.119701 
6 0.00204773 -0.000488281 -0 5.99451 2.99021 0.428919 -0.118722 
8 0.00204773 -0 -0 8.00605 2.99575 0.429437 -0.117913 
10 0.00204773 -0.000488281 -0 9.99632 3.0013 0.42994 -0.117297 
10 0.00204773 -0.000488281 -0.00175781 9.99632 3.0013 0.429949 -0.117301 
8 0.00136108 -0 -0 8.00605 2.99577 0.429444 -0.117908 
6 0.00204773 -0.000488281 -0 5.99451 2.99022 0.428931 -0.118714 
4 0.00136108 -0.000488281 -0 3.99769 2.9848 0.428428 -0.119698 
2 0.00204773 0.000488281 -0 1.99532 2.9793 0.427884 -0.120902 
0 0.00273437 0.000488281 -0 0.0281254 2.97397 0.427377 -0.122249 
-2 0.00204773 0.000488281 -0 -2.00461 2.96848 0.426831 -0.123862 
-4 0.00204773 0.000488281 -0 -4.00736 2.96327 0.426329 -0.125588 
-6 0.00273437 -0.000488281 -0.00175781 -6.01094 2.95807 0.425816 -0.127511 
-8 0.00204773 -0 -0 -8.00904 2.9529 0.425295 -0.129637 
-10 0.00273437 0.000488281 -0 -9.99755 2.94796 0.424804 -0.131859 
-10 0.00204773 -0.000488281 0.00175781 -9.99755 2.94796 0.424788 -0.131854 
-8 0.00204773 0.000976562 -0 -8.00904 2.95288 0.425292 -0.129649 
-6 0.00204773 -0.000976562 -0 -6.01094 2.95805 0.425806 -0.127528 
-4 0.00273437 -0 -0 -4.00736 2.96326 0.426324 -0.125596 
-2 0.00204773 0.000488281 -0 -2.00461 2.96845 0.42682 -0.12388 
0 0.00136108 0.000976562 -0 0.0281254 2.97397 0.427372 -0.122247 
2 0.00136108 -0.000488281 -0 1.99532 2.9793 0.427874 -0.120908 
4 0.00273437 0.000488281 -0 3.99769 2.9848 0.428407 -0.119694 
6 0.00273437 -0 -0 5.99451 2.99022 0.428909 -0.118718 
8 0.00273437 0.000488281 -0 8.00605 2.99575 0.429433 -0.11791 
10 0.00204773 0.00146484 -0 9.99632 3.0013 0.429943 -0.117302 
10 0.00273437 -0.000976562 -0 9.99632 3.0013 0.429945 -0.117301 
8 0.00204773 -0.00146484 -0 8.00605 2.99578 0.429436 -0.117906 
6 0.00273437 -0 -0 5.99451 2.99022 0.428929 -0.11871 
4 0.00204773 -0 -0 3.99769 2.98481 0.428417 -0.119693 
2 0.00273437 0.000488281 -0 1.99532 2.97931 0.427879 -0.120896 
0 0.00204773 -0.000488281 -0 0.0281254 2.97397 0.427377 -0.122243 
-2 0.00204773 -0.000488281 -0 -2.00461 2.96848 0.426827 -0.123865 
-4 0.00273437 -0.000976562 -0 -4.00736 2.96327 0.426333 -0.125588 
-6 0.00136108 -0 -0 -6.01094 2.95808 0.425812 -0.127509 
-8 0.00273437 -0.000976562 -0 -8.00904 2.9529 0.425297 -0.129631 
-10 0.00136108 0.000488281 -0 -9.99755 2.94796 0.4248 -0.131859 
-10 0.00204773 -0.000976562 -0 -9.99755 2.94796 0.424802 -0.13186 
-8 0.00342102 0.000976562 -0 -8.00904 2.95288 0.425283 -0.129647 
-6 0.00136108 -0 -0 -6.01094 2.95805 0.42581 -0.127518 
-4 0.00204773 -0.000488281 -0 -4.00736 2.96326 0.426317 -0.125593 
-2 0.00204773 -0 -0 -2.00461 2.96846 0.426823 -0.123876 
0 0.00342102 -0 -0 0.0281254 2.97397 0.427369 -0.12225 
2 0.00204773 -0 -0 1.99532 2.9793 0.427874 -0.120904 
4 0.00273437 -0.000488281 -0 3.99769 2.98479 0.428401 -0.119695 
6 0.00136108 0.000488281 -0 5.99451 2.99022 0.428917 -0.118717 
8 0.00204773 -0.000488281 -0 8.00605 2.99575 0.429439 -0.117907 
10 0.00136108 -0 -0 9.99632 3.00129 0.429948 -0.117299 
10 0.00204773 -0 -0 9.99632 3.00129 0.429951 -0.117301 
8 0.00273437 -0.000488281 -0.00175781 8.00605 2.99577 0.42945 -0.117904 
6 0.00204773 -0.000488281 -0 5.99451 2.99022 0.42893 -0.118712 
4 0.00273437 0.000488281 -0 3.99769 2.98481 0.428418 -0.11969 
2 0.000674438 -0.000488281 -0 1.99532 2.97931 0.42788 -0.120897 
0 0.00204773 -0 -0 0.0281254 2.97397 0.427372 -0.122248 
-2 0.00204773 -0 -0 -2.00461 2.96848 0.426834 -0.123868 
-4 0.00204773 -0.000488281 -0 -4.00736 2.96328 0.426324 -0.125582 
-6 0.00204773 0.00146484 -0 -6.01094 2.95808 0.425811 -0.127505 
-8 0.00204773 -0 -0 -8.00904 2.9529 0.425283 -0.129633 
-10 0.00204773 -0.000488281 -0 -9.99755 2.94796 0.4248 -0.131857 
-10 0.00204773 -0.000488281 -0 -9.99755 2.94796 0.424793 -0.131843 
-8 0.00204773 -0.00146484 -0 -8.00904 2.95287 0.425282 -0.129631 
-6 0.00273437 0.000488281 -0 -6.01094 2.95805 0.425804 -0.127507 
-4 0.00136108 0.000488281 -0 -4.00736 2.96326 0.426317 -0.12559 
-2 0.00204773 -0 -0 -2.00461 2.96846 0.426823 -0.123871 
0 0.00273437 0.000976562 -0 0.0281254 2.97397 0.427364 -0.122247 
2 0.00204773 0.000488281 -0 1.99532 2.9793 0.427872 -0.120905 
4 0.00204773 0.000488281 -0 3.99769 2.9848 0.428409 -0.119695 
6 0.00273437 0.000976562 -0 5.99451 2.99022 0.428912 -0.118717 
8 0.00204773 -0.00146484 -0 8.00605 2.99576 0.429434 -0.117912 
10 0.000674438 -0.000488281 -0 9.99632 3.0013 0.429951 -0.117303 
10 0.00204773 0.000488281 -0 9.99632 3.0013 0.429943 -0.1173 
8 0.00204773 -0.000488281 -0 8.00605 2.99578 0.429435 -0.117901 
6 0.00273437 -0.000488281 -0 5.99451 2.99022 0.428914 -0.118712 
4 0.00204773 -0.000488281 -0 3.99769 2.98482 0.428385 -0.119681 
2 0.00204773 -0 -0 1.99532 2.97931 0.42787 -0.120895 
0 0.00273437 -0 -0 0.0281254 2.97398 0.427365 -0.122245 
-2 0.00342102 -0.000976562 -0 -2.00461 2.96849 0.426821 -0.12386 
-4 0.00204773 -0.000488281 -0 -4.00736 2.96328 0.426314 -0.125578 
-6 0.00136108 -0 -0.00175781 -6.01094 2.95808 0.425801 -0.127505 
-8 0.00342102 -0 -0 -8.00904 2.95291 0.425279 -0.129628 
-10 0.00204773 -0.000488281 -0 -9.99755 2.94797 0.424796 -0.131849 
-10 0.00204773 -0.000488281 -0 -9.99755 2.94797 0.42479 -0.131852 
-8 0.00273437 -0 -0 -8.00904 2.95289 0.425267 -0.129643 
-6 0.00273437 0.000976562 -0 -6.01094 2.95805 0.425797 -0.127518 
-4 0.00204773 -0 0.00175781 -4.00736 2.96326 0.426297 -0.125589 
-2 0.00204773 0.000488281 -0 -2.00461 2.96846 0.426808 -0.123873 
0 0.00204773 -0.000488281 -0 0.0281254 2.97397 0.427372 -0.122252 
2 0.00204773 0.000976562 -0 1.99532 2.97931 0.427869 -0.120899 
4 0.00204773 0.000488281 -0 3.99769 2.9848 0.4284 -0.119693 
6 0.00273437 -0 -0 5.99451 2.99022 0.428899 -0.118716 
8 0.00273437 -0 -0 8.00605 2.99576 0.429431 -0.117902 
10 0.00273437 -0.000488281 -0 9.99632 3.0013 0.429945 -0.117293 
10 0.00204773 -0.000976562 -0 9.99632 3.0013 0.429947 -0.117292 
8 0.00204773 -0 -0 8.00605 2.99578 0.42944 -0.117893 
6 0.00273437 0.00146484 -0 5.99451 2.99022 0.428923 -0.118705 
4 0.00273437 0.000488281 -0 3.99769 2.98482 0.4284 -0.119692 
2 0.00273437 0.000976562 -0 1.99532 2.97931 0.427879 -0.120894 
0 0.00136108 0.000488281 -0 0.0281254 2.97398 0.427374 -0.122241 
-2 0.00204773 -0.00146484 -0 -2.00461 2.96848 0.426827 -0.123856 
-4 0.00136108 0.000488281 -0 -4.00736 2.96328 0.426314 -0.125577 
-6 0.00204773 0.000488281 0.00175781 -6.01094 2.95807 0.425808 -0.1275 
-8 0.00136108 0.000976562 -0 -8.00904 2.95291 0.425284 -0.129627 
-10 0.00204773 -0 -0 -9.99755 2.94797 0.424801 -0.131848 
-10 0.00136108 0.000488281 -0 -9.99755 2.94796 0.4248 -0.131846 
-8 0.00204773 -0.000976562 -0 -8.00904 2.95288 0.425277 -0.12964 
-6 0.00273437 0.000488281 -0 -6.01094 2.95805 0.425797 -0.127516 
-4 0.00273437 -0 -0 -4.00736 2.96327 0.426313 -0.125587 
-2 0.00204773 -0.000976562 -0 -2.00461 2.96846 0.426824 -0.123866 
0 0.00204773 -0.000488281 -0 0.0281254 2.97397 0.427366 -0.122245 
2 0.00204773 0.000976562 -0 1.99532 2.97931 0.427863 -0.120899 
4 0.00204773 -0.000976562 0.00175781 3.99769 2.9848 0.428405 -0.119692 
6 0.00204773 0.000488281 -0 5.99451 2.99022 0.428906 -0.11871 
8 0.00273437 -0.000488281 -0 8.00605 2.99575 0.429434 -0.117906 
10 0.00273437 -0.00146484 -0 9.99632 3.0013 0.429943 -0.117291 
10 0.00204773 0.000976562 -0 9.99632 3.0013 0.429944 -0.117291 
8 0.00273437 -0 -0 8.00605 2.99577 0.429436 -0.117896 
6 0.00136108 -0.000976562 0.00175781 5.99451 2.99022 0.428917 -0.118706 
4 0.00273437 -0 -0 3.99769 2.98481 0.428409 -0.119688 
2 0.00136108 -0 -0 1.99532 2.97931 0.427875 -0.120887 
-2 0.00136108 -0 -0 -2.00461 2.96848 0.426821 -0.12386 
-4 0.00273437 -0 -0 -4.00736 2.96328 0.426319 -0.12558 
-6 0.00136108 -0.000976562 -0 -6.01094 2.95808 0.425801 -0.127505 
-8 0.00204773 0.000488281 -0 -8.00904 2.9529 0.425298 -0.129626 
-10 0.00204773 -0 -0 -9.99755 2.94795 0.424811 -0.13185 
-10 0.00136108 -0.000488281 -0 -9.99755 2.94795 0.424799 -0.131851 
-8 0.00204773 -0.000488281 -0 -8.00904 2.95287 0.425278 -0.129636 
-6 0.00204773 -0.00146484 -0 -6.01094 2.95805 0.425801 -0.127514 
-4 0.00273437 0.000488281 -0 -4.00736 2.96326 0.426312 -0.125587 
-2 0.00136108 -0.000488281 -0 -2.00461 2.96846 0.426819 -0.123866 
0 0.00204773 -0.000488281 -0 0.0281254 2.97397 0.427366 -0.122242 
2 0.00273437 -0 -0 1.99532 2.9793 0.427871 -0.120893 
4 0.00204773 -0.000976562 -0 3.99769 2.98479 0.428411 -0.119687 
6 0.00204773 -0 -0 5.99451 2.99021 0.428918 -0.118712 
8 0.00273437 0.00146484 -0 8.00605 2.99575 0.429437 -0.117906 
10 0.00273437 -0.000488281 -0 9.99632 3.0013 0.429946 -0.117292 
10 0.00136108 -0.000976562 -0 9.99632 3.0013 0.429954 -0.117294 
8 0.00204773 -0.00146484 -0 8.00605 2.99578 0.429438 -0.117899 
6 0.00273437 -0.000488281 -0 5.99451 2.99022 0.42893 -0.118705 
4 0.00204773 -0.000488281 -0 3.99769 2.98481 0.428413 -0.119688 
2 0.00204773 0.000976562 0.00175781 1.99532 2.9793 0.42788 -0.120889 
0 0.00273437 -0.000976562 -0 0.0281254 2.97398 0.427373 -0.122239 
-2 0.00273437 -0.000488281 -0 -2.00461 2.96848 0.426831 -0.12386 
-4 0.00136108 0.000488281 -0 -4.00736 2.96327 0.426309 -0.125581 
-6 0.00204773 -0.000976562 -0 -6.01094 2.95807 0.425812 -0.127501 
-8 0.00204773 -0 -0 -8.00904 2.95289 0.425293 -0.129623 
-10 0.00273437 -0.000488281 -0 -9.99755 2.94796 0.424806 -0.13185 
-10 0.00273437 0.000488281 -0 -9.99755 2.94796 0.4248 -0.131852 
-8 0.00204773 -0.00146484 -0 -8.00904 2.95288 0.425274 -0.129643 
-6 0.00204773 0.000488281 -0 -6.01094 2.95805 0.425785 -0.127507 
-4 0.00273437 -0.000488281 -0 -4.00736 2.96325 0.426317 -0.125588 
-2 0.00204773 -0 -0 -2.00461 2.96846 0.426811 -0.123864 
0 0.000674438 -0.000488281 -0 0.0281254 2.97397 0.427363 -0.122239 
2 0.00273437 -0 -0 1.99532 2.9793 0.427871 -0.120893 
4 0.00273437 -0.000488281 -0 3.99769 2.98479 0.428414 -0.119694 
6 0.00204773 -0 -0 5.99451 2.99021 0.428918 -0.118709 
8 0.00273437 0.000488281 -0 8.00605 2.99575 0.429431 -0.117897 
10 0.00204773 0.000488281 -0 9.99632 3.00129 0.429946 -0.117295 
10 0.00204773 0.000488281 -0 9.99632 3.00129 0.429948 -0.117295 
8 0.00204773 0.000488281 -0 8.00605 2.99577 0.429441 -0.117897 
6 0.00204773 -0.000488281 -0 5.99451 2.99022 0.428922 -0.118702 
4 0.00273437 0.000976562 -0 3.99769 2.9848 0.428409 -0.119686 
2 0.00204773 -0.000976562 -0 1.99532 2.9793 0.427873 -0.120892 
0 0.00273437 0.000976562 -0 0.0281254 2.97397 0.427363 -0.12224 
-2 0.00273437 -0 -0 -2.00461 2.96848 0.426817 -0.123855 
-4 0.00273437 -0 -0 -4.00736 2.96328 0.426298 -0.125573 
-6 0.00204773 -0.000976562 -0 -6.01094 2.95808 0.425806 -0.127503 
-8 0.00204773 -0.000976562 -0 -8.00904 2.95291 0.42528 -0.129624 
-10 0.00136108 -0.000976562 -0 -9.99755 2.94796 0.424797 -0.131851 
-10 0.00342102 0.000488281 -0 -9.99755 2.94796 0.424794 -0.13185 
-8 0.00204773 -0.000488281 -0 -8.00904 2.95288 0.425272 -0.129639 
-6 0.00204773 -0 -0 -6.01094 2.95805 0.425807 -0.127518 
-4 0.00273437 -0 -0 -4.00736 2.96325 0.426333 -0.125597 
-2 0.00273437 -0 -0 -2.00461 2.96846 0.42681 -0.123868 
0 0.00136108 0.000488281 -0 0.0281254 2.97397 0.427357 -0.122244 
2 0.00273437 -0 -0 1.99532 2.9793 0.427872 -0.120894 
4 0.00273437 -0.000488281 -0 3.99769 2.98479 0.42841 -0.119688 
6 0.00204773 -0.000488281 -0 5.99451 2.99021 0.428909 -0.118715 
8 0.00204773 -0 -0 8.00605 2.99575 0.429435 -0.117899 
10 0.00342102 -0 -0 9.99632 3.00129 0.429947 -0.11729 
10 0.00136108 -0.000976562 -0 9.99632 3.00129 0.429942 -0.117293 
8 0.00204773 -0.000488281 -0 8.00605 2.99578 0.429438 -0.117897 
6 0.00204773 -0 -0 5.99451 2.99022 0.428924 -0.118703 
4 0.00136108 -0.000976562 -0 3.99769 2.98481 0.428408 -0.119682 
2 0.00204773 -0 -0 1.99532 2.97931 0.427872 -0.120887 
0 0.00204773 -0 -0 0.0281254 2.97397 0.427365 -0.122239 
-2 0.00204773 -0.00146484 -0 -2.00461 2.96848 0.426831 -0.123853 
-4 0.00273437 -0.000488281 -0 -4.00736 2.96328 0.426324 -0.125579 
-6 0.00204773 -0 -0 -6.01094 2.95808 0.425809 -0.127499 
-8 0.00273437 0.000488281 -0 -8.00904 2.9529 0.425285 -0.129628 
-10 0.00342102 -0.000488281 -0 -9.99755 2.94796 0.424798 -0.131849 
-10 0.00204773 -0.000976562 -0 -9.99755 2.94796 0.424795 -0.131849 
-8 0.00204773 0.000976562 -0 -8.00904 2.95288 0.425291 -0.12963 
-6 0.00136108 0.000488281 -0 -6.01094 2.95805 0.425802 -0.127517 
-4 0.00273437 -0 -0.00175781 -4.00736 2.96326 0.426313 -0.125588 
-2 0.00204773 -0 -0 -2.00461 2.96845 0.426813 -0.12387 
0 0.00204773 -0.000488281 -0 0.0281254 2.97397 0.427359 -0.122247 
2 0.000674438 -0 -0 1.99532 2.9793 0.427858 -0.120896 
4 0.00136108 -0 -0 3.99769 2.9848 0.428402 -0.11969 
6 0.00204773 0.000488281 -0 5.99451 2.99021 0.428912 -0.118711 
8 0.00204773 -0 -0 8.00605 2.99575 0.429431 -0.1179 
10 0.00204773 -0.000488281 -0 9.99632 3.0013 0.429943 -0.117292 
10 0.00273437 -0 -0.00175781 9.99632 3.0013 0.429938 -0.117295 
8 0.00204773 -0.000976562 -0 8.00605 2.99578 0.429435 -0.117896 
6 0.00136108 -0 -0 5.99451 2.99022 0.428923 -0.118704 
4 0.00273437 0.000976562 -0 3.99769 2.98481 0.428407 -0.119683 
2 0.00204773 -0 -0.00175781 1.99532 2.97931 0.427874 -0.120887 
0 0.00204773 0.000488281 -0 0.0281254 2.97397 0.427367 -0.122235 
-2 0.00204773 -0.000976562 -0.00175781 -2.00461 2.96848 0.426827 -0.123853 
-4 0.00136108 -0 0.00175781 -4.00736 2.96328 0.426322 -0.125578 
-6 0.00204773 0.000488281 -0 -6.01094 2.95807 0.425808 -0.127502 
-8 0.00273437 -0.000488281 -0 -8.00904 2.9529 0.425286 -0.12962 
-10 0.00204773 0.000976562 0.00175781 -9.99755 2.94797 0.424803 -0.131848 
-10 0.00273437 0.000976562 -0 -9.99755 2.94796 0.424812 -0.131851 
-8 0.00136108 0.00146484 -0 -8.00904 2.95288 0.425283 -0.129638 
-6 0.00204773 -0 -0 -6.01094 2.95805 0.425806 -0.127517 
-4 0.00136108 -0.000488281 -0 -4.00736 2.96326 0.42633 -0.125587 
-2 0.00204773 -0 -0 -2.00461 2.96845 0.426827 -0.123867 
0 0.00136108 -0.000976562 -0 0.0281254 2.97397 0.427374 -0.122242 
2 0.00273437 -0.00146484 -0 1.99532 2.9793 0.427875 -0.120892 
4 0.00342102 -0.000488281 0.00175781 3.99769 2.98479 0.42842 -0.119692 
6 0.00273437 -0.000976562 -0 5.99451 2.99021 0.428909 -0.118708 
8 0.00204773 -0.000488281 -0 8.00605 2.99575 0.429442 -0.117899 
10 0.00342102 0.00146484 -0 9.99632 3.00129 0.42996 -0.117291 
10 0.00342102 -0.000488281 -0 9.99632 3.00129 0.429953 -0.117291 
8 0.00273437 0.000488281 -0 8.00605 2.99577 0.429451 -0.117892 
6 0.00204773 -0 -0 5.99451 2.99021 0.428931 -0.118707 
4 0.00273437 0.000488281 -0 3.99769 2.98479 0.428422 -0.119683 
2 0.00273437 0.000488281 -0 1.99532 2.9793 0.427889 -0.120885 
0 0.00273437 -0.000488281 -0 0.0281254 2.97396 0.427381 -0.122236 
-2 0.00204773 -0 -0 -2.00461 2.96846 0.426833 -0.123856 
-4 0.00204773 -0.000488281 -0 -4.00736 2.96327 0.426332 -0.125575 
-6 0.00204773 0.000976562 -0 -6.01094 2.95807 0.425813 -0.127499 
-8 0.00204773 -0 -0 -8.00904 2.95289 0.425296 -0.129628 
-10 0.00204773 0.000976562 -0 -9.99755 2.94795 0.424802 -0.131852 
-10 0.00204773 0.000976562 -0 -9.99755 2.94795 0.424804 -0.13185 
-8 0.00204773 -0 -0 -8.00904 2.95286 0.425298 -0.129629 
-6 0.00204773 0.000488281 -0 -6.01094 2.95803 0.425811 -0.127501 
-4 0.00273437 0.000488281 -0 -4.00736 2.96324 0.426315 -0.125567 
-2 0.00273437 -0 0.00175781 -2.00461 2.96844 0.426823 -0.123848 
0 0.00204773 0.000488281 -0 0.0281254 2.97396 0.427371 -0.122227 
2 0.00204773 0.000488281 -0 1.99532 2.97929 0.427877 -0.120879 
4 0.00204773 -0.000488281 -0 3.99769 2.98478 0.428409 -0.119663 
6 0.00204773 -0.000976562 -0 5.99451 2.9902 0.428918 -0.118691 
8 0.00204773 -0.000976562 -0 8.00605 2.99575 0.429428 -0.117887 
10 0.00273437 -0.000976562 -0 9.99632 3.00129 0.429934 -0.11728 
10 0.00204773 0.000488281 -0 9.99632 3.00129 0.429943 -0.117287 
8 0.00136108 0.000488281 -0 8.00605 2.99577 0.429436 -0.117896 
6 0.00273437 -0.000976562 -0 5.99451 2.99021 0.428913 -0.118701 
4 0.00204773 -0.000488281 -0 3.99769 2.9848 0.428414 -0.11969 
2 0.00273437 -0.000488281 -0 1.99532 2.9793 0.427867 -0.120886 
0 0.00204773 -0.000976562 -0 0.0281254 2.97397 0.427375 -0.122241 
-2 0.00342102 0.000488281 -0 -2.00461 2.96847 0.426831 -0.123857 
-4 0.00204773 -0 -0 -4.00736 2.96327 0.426322 -0.125577 
-6 0.00136108 0.000488281 -0 -6.01094 2.95807 0.425813 -0.127495 
-8 0.00204773 -0.000488281 -0 -8.00904 2.9529 0.425286 -0.129625 
-10 0.00136108 0.000976562 -0 -9.99755 2.94796 0.424793 -0.131849 
-10 0.00204773 0.000488281 -0 -9.99755 2.94795 0.424804 -0.131844 
-8 0.00136108 0.000488281 -0 -8.00904 2.95287 0.425286 -0.129635 
-6 0.00136108 -0.000976562 -0 -6.01094 2.95804 0.425803 -0.127514 
-4 0.00204773 -0 -0 -4.00736 2.96325 0.426322 -0.125582 
-2 0.00273437 -0 -0 -2.00461 2.96845 0.426822 -0.123861 
0 0.00342102 0.00195312 -0.00175781 0.0281254 2.97397 0.427357 -0.122238 
2 0.00273437 0.000488281 -0 1.99532 2.97929 0.427861 -0.120882 
4 0.00204773 -0.00146484 -0 3.99769 2.98479 0.428411 -0.119683 
6 0.00204773 0.000488281 -0 5.99451 2.99021 0.428916 -0.118714 
8 0.00204773 0.000488281 -0 8.00605 2.99575 0.42944 -0.117902 
10 0.00273437 -0.000488281 -0 9.99632 3.00129 0.429959 -0.11729 
10 0.00273437 -0 -0 9.99632 3.00129 0.429951 -0.117296 
8 0.00136108 -0.000488281 0.00175781 8.00605 2.99578 0.429446 -0.117893 
6 0.00204773 -0 -0 5.99451 2.99022 0.428934 -0.118702 
4 0.00273437 -0 -0 3.99769 2.9848 0.428419 -0.119686 
2 0.00204773 -0 -0 1.99532 2.97931 0.427878 -0.120889 
0 0.00273437 -0.00146484 -0 0.0281254 2.97397 0.427379 -0.122236 
-2 0.00136108 -0 -0.00175781 -2.00461 2.96848 0.426831 -0.123853 
-4 0.00204773 -0.000488281 -0 -4.00736 2.96328 0.426322 -0.125572 
-6 0.00136108 -0 -0 -6.01094 2.95808 0.425814 -0.127499 
-8 0.00204773 -0.00146484 -0 -8.00904 2.9529 0.425293 -0.12963 
-10 0.00273437 -0.000488281 -0 -9.99755 2.94796 0.424792 -0.131856 
-10 0.00273437 -0.000976562 -0 -9.99755 2.94796 0.424791 -0.131853 
-8 0.00273437 0.000976562 -0 -8.00904 2.95288 0.425269 -0.129637 
-6 0.00204773 0.00146484 -0 -6.01094 2.95805 0.425793 -0.127514 
-4 0.00204773 0.00195312 -0 -4.00736 2.96326 0.426308 -0.125586 
-2 0.00204773 -0 -0 -2.00461 2.96845 0.426807 -0.12387 
0 0.00273437 0.000488281 -0 0.0281254 2.97397 0.427366 -0.12224 
2 0.00204773 -0 -0 1.99532 2.97931 0.427866 -0.120896 
4 0.00273437 0.000488281 -0 3.99769 2.9848 0.428409 -0.119686 
6 0.00204773 -0.000976562 -0 5.99451 2.99022 0.428909 -0.118709 
8 0.00273437 0.000488281 -0 8.00605 2.99576 0.429415 -0.117903 
10 0.00204773 -0.00146484 -0 9.99632 3.00129 0.429938 -0.117282 
10 0.00204773 -0.000488281 -0 9.99632 3.00129 0.429937 -0.117284 
8 0.00273437 -0 -0 8.00605 2.99577 0.429431 -0.117883 
6 0.00273437 0.000488281 -0 5.99451 2.99021 0.428916 -0.11869 
4 0.00136108 -0.000488281 -0 3.99769 2.98479 0.428406 -0.119663 
2 0.00204773 0.000488281 -0 1.99532 2.9793 0.427855 -0.120865 
0 0.00204773 -0 -0 0.0281254 2.97396 0.427358 -0.12222 
-2 0.00204773 0.000976562 -0 -2.00461 2.96848 0.426821 -0.123839 
-4 0.00136108 -0 -0 -4.00736 2.96327 0.426312 -0.125565 
-6 0.00204773 -0 -0 -6.01094 2.95808 0.425806 -0.127498 
-8 0.00273437 -0 -0 -8.00904 2.9529 0.425283 -0.129618 
-10 0.00136108 -0 -0 -9.99755 2.94796 0.424795 -0.131845 
-10 0.00204773 -0.000488281 -0 -9.99755 2.94796 0.424798 -0.131845 
-8 0.00204773 0.00146484 -0 -8.00904 2.95288 0.425282 -0.129632 
-6 0.00136108 -0 -0 -6.01094 2.95805 0.425801 -0.12751 
-4 0.00204773 0.000976562 -0 -4.00736 2.96325 0.426313 -0.125586 
-2 0.00204773 -0.000488281 -0.00175781 -2.00461 2.96846 0.426817 -0.123866 
0 0.00204773 0.000976562 -0 0.0281254 2.97397 0.427365 -0.122241 
2 0.00204773 -0.000976562 -0 1.99532 2.97931 0.427862 -0.120894 
4 0.00273437 0.000488281 -0 3.99769 2.98479 0.4284 -0.119684 
6 0.00204773 -0.000976562 -0 5.99451 2.99021 0.428913 -0.118706 
8 0.00204773 0.000976562 -0.00175781 8.00605 2.99575 0.429427 -0.117898 
10 0.00204773 -0.000976562 -0 9.99632 3.0013 0.429941 -0.11729 
10 0.00273437 0.000488281 -0 9.99632 3.0013 0.429941 -0.11729 
8 0.00136108 0.000976562 -0 8.00605 2.99578 0.429441 -0.117893 
6 0.00204773 0.000976562 -0 5.99451 2.99022 0.428904 -0.1187 
4 0.00204773 0.000488281 -0 3.99769 2.98481 0.428398 -0.119682 
2 0.00273437 -0 -0 1.99532 2.97931 0.427874 -0.120884 
0 0.00204773 -0 -0 0.0281254 2.97397 0.427367 -0.122235 
-6 0.00136108 -0.000488281 -0 -6.01094 2.95805 0.425799 -0.127511 
-4 0.000674438 -0 -0 -4.00736 2.96326 0.426316 -0.125582 
-2 0.00204773 0.000488281 -0 -2.00461 2.96846 0.426811 -0.12386 
0 0.00342102 0.000488281 -0 0.0281254 2.97397 0.427367 -0.122237 
2 0.00136108 0.000488281 -0 1.99532 2.9793 0.427866 -0.120891 
4 0.00204773 0.000976562 -0 3.99769 2.98479 0.42842 -0.119686 
6 0.00204773 -0 -0 5.99451 2.99021 0.428914 -0.118709 
8 0.00273437 0.000488281 0.00175781 8.00605 2.99576 0.429429 -0.117899 
10 0.00273437 -0 -0.00175781 9.99632 3.0013 0.429943 -0.117288 
10 0.00204773 -0.000488281 -0 9.99632 3.0013 0.429942 -0.117291 
8 0.00273437 -0 -0.00175781 8.00605 2.99577 0.42944 -0.117893 
6 0.00273437 0.000488281 -0 5.99451 2.99022 0.428925 -0.118702 
4 0.00204773 -0.000488281 -0 3.99769 2.98481 0.428426 -0.119677 
2 0.00136108 -0 -0 1.99532 2.97931 0.427875 -0.120886 
0 0.00204773 -0 -0 0.0281254 2.97397 0.427364 -0.122234 
-2 0.00204773 -0 -0 -2.00461 2.96847 0.426826 -0.123854 
-4 0.00204773 -0.000976562 -0 -4.00736 2.96328 0.426319 -0.12557 
-6 0.00204773 0.000976562 -0 -6.01094 2.95807 0.425804 -0.127498 
-8 0.00273437 -0.00146484 -0 -8.00904 2.95289 0.425286 -0.129625 
-10 0.00204773 -0 -0 -9.99755 2.94796 0.424792 -0.131851 
-10 0.00204773 -0.000488281 -0 -9.99755 2.94796 0.424792 -0.131849 
-8 0.00342102 -0 -0 -8.00904 2.95288 0.425275 -0.129637 
-6 0.00273437 -0.000976562 -0 -6.01094 2.95805 0.425797 -0.127513 
-4 0.00273437 -0.000488281 -0 -4.00736 2.96326 0.426311 -0.125582 
-2 0.00273437 -0 -0 -2.00461 2.96846 0.426812 -0.123863 
0 0.00273437 0.000488281 -0 0.0281254 2.97397 0.42736 -0.122243 
2 0.00204773 -0 -0 1.99532 2.97931 0.427856 -0.120891 
4 0.00342102 -0.000488281 -0 3.99769 2.98479 0.428402 -0.119685 
6 0.00204773 -0 -0 5.99451 2.99021 0.428912 -0.118705 
8 0.00136108 0.00146484 -0 8.00605 2.99576 0.429431 -0.117898 
10 0.00204773 0.000488281 -0 9.99632 3.0013 0.429943 -0.11729 
10 0.00342102 0.000488281 -0 9.99632 3.0013 0.429944 -0.11729 
8 0.00136108 -0.000488281 -0 8.00605 2.99578 0.429433 -0.117891 
6 0.00204773 0.00146484 -0 5.99451 2.99022 0.428918 -0.118699 
4 0.00204773 -0 -0 3.99769 2.98481 0.42841 -0.11968 
2 0.00204773 -0 -0 1.99532 2.97931 0.427871 -0.120884 
0 0.00204773 0.000488281 -0 0.0281254 2.97397 0.427363 -0.122232 
-2 0.00136108 -0.000488281 -0 -2.00461 2.96848 0.426807 -0.123847 
-4 0.00273437 0.000976562 -0 -4.00736 2.96328 0.426316 -0.125571 
-6 0.00136108 0.000488281 -0 -6.01094 2.95807 0.425804 -0.127494 
-8 0.00273437 0.000488281 -0.00175781 -8.00904 2.9529 0.425276 -0.129624 
-10 0.00273437 0.000488281 0.00175781 -9.99755 2.94796 0.424791 -0.131846 
-10 0.00204773 -0.000488281 -0 -9.99755 2.94796 0.424789 -0.131848 
-8 0.00204773 0.00146484 -0 -8.00904 2.95289 0.425267 -0.129635 
-6 0.00136108 -0 -0 -6.01094 2.95805 0.425794 -0.127512 
-4 0.00136108 -0.000488281 -0 -4.00736 2.96326 0.426301 -0.125583 
-2 0.00204773 -0 -0 -2.00461 2.96847 0.426809 -0.123862 
0 0.00342102 -0.000488281 -0 0.0281254 2.97398 0.427345 -0.122239 
2 0.00204773 0.000488281 -0 1.99532 2.97931 0.427852 -0.120891 
4 0.00273437 -0 -0 3.99769 2.9848 0.428384 -0.119683 
6 0.00136108 -0.000976562 -0 5.99451 2.99022 0.4289 -0.11871 
8 0.00204773 -0 -0 8.00605 2.99576 0.429418 -0.117903 
10 0.00204773 -0 -0 9.99632 3.0013 0.42993 -0.117292 
10 0.00204773 -0.000488281 -0 9.99632 3.0013 0.429927 -0.117292 
8 0.00204773 -0 -0.00175781 8.00605 2.99578 0.42942 -0.11789 
6 0.00273437 -0 -0 5.99451 2.99022 0.42891 -0.118702 
4 0.00204773 -0.000976562 -0 3.99769 2.98481 0.428408 -0.119681 
2 0.00342102 -0.000976562 -0 1.99532 2.97931 0.427868 -0.120886 
0 0.00273437 0.000488281 -0 0.0281254 2.97398 0.427366 -0.122234 
-2 0.00204773 -0 -0 -2.00461 2.96849 0.426824 -0.123847 
-4 0.00204773 0.000976562 -0 -4.00736 2.96328 0.426315 -0.125569 
-6 0.00273437 0.000488281 -0 -6.01094 2.95808 0.425801 -0.1275 
-8 0.00273437 -0.000976562 -0 -8.00904 2.9529 0.425257 -0.129616 
-10 0.00136108 -0.000488281 -0 -9.99755 2.94795 0.424788 -0.131847 
-10 0.00273437 0.000488281 -0 -9.99755 2.94795 0.424782 -0.131848 
-8 0.000674438 -0.000488281 -0 -8.00904 2.95287 0.425274 -0.129633 
-6 0.00204773 -0 -0 -6.01094 2.95804 0.425797 -0.127505 
-4 0.00136108 -0.000488281 -0 -4.00736 2.96325 0.42631 -0.125576 
-2 0.00273437 0.000488281 -0 -2.00461 2.96845 0.426837 -0.123852 
0 0.00342102 0.000488281 -0 0.0281254 2.97396 0.427361 -0.122237 
2 0.00204773 -0.00146484 -0 1.99532 2.9793 0.427867 -0.120888 
4 0.00204773 0.000976562 -0 3.99769 2.98479 0.428402 -0.119683 
6 0.00136108 0.000488281 -0 5.99451 2.99021 0.42892 -0.118708 
8 0.00204773 -0 -0 8.00605 2.99575 0.429417 -0.117894 
10 0.00204773 0.000488281 -0 9.99632 3.00129 0.429938 -0.117289 
10 0.00273437 -0.000488281 -0 9.99632 3.0013 0.429936 -0.11729 
8 0.00273437 -0 0.00175781 8.00605 2.99578 0.429433 -0.117891 
6 0.000674438 0.000488281 -0 5.99451 2.99022 0.428914 -0.1187 
4 0.00273437 -0.000488281 -0 3.99769 2.98481 0.428413 -0.119686 
2 0.00273437 -0.00195312 -0 1.99532 2.97931 0.427869 -0.120888 
0 0.00204773 -0 -0 0.0281254 2.97397 0.427358 -0.122239 
-2 0.00204773 0.000976562 -0.00175781 -2.00461 2.96848 0.426817 -0.123854 
-4 0.00204773 -0 -0 -4.00736 2.96328 0.426311 -0.125574 
-6 0.00204773 0.000488281 -0 -6.01094 2.95808 0.425797 -0.1275 
-8 0.00136108 -0 -0 -8.00904 2.9529 0.425275 -0.129622 
-10 0.00273437 -0.000488281 -0 -9.99755 2.94797 0.424784 -0.131847 
-10 0.00204773 0.000488281 -0 -9.99755 2.94796 0.424783 -0.13185 
-8 0.00273437 -0.000488281 -0 -8.00904 2.95288 0.42527 -0.129635 
-6 0.00204773 -0.000488281 -0 -6.01094 2.95805 0.425801 -0.127513 
-4 0.00273437 -0 -0 -4.00736 2.96326 0.426319 -0.12558 
-2 0.00273437 0.00195312 -0 -2.00461 2.96846 0.426813 -0.12386 
0 0.00204773 -0 -0 0.0281254 2.97397 0.427358 -0.122241 
2 0.00204773 0.000488281 -0 1.99532 2.9793 0.427861 -0.120893 
4 0.00273437 -0 -0 3.99769 2.98479 0.428403 -0.119685 
6 0.00273437 0.000976562 -0 5.99451 2.99021 0.428921 -0.11871 
8 0.00136108 0.000488281 -0 8.00605 2.99575 0.429429 -0.117898 
10 0.00204773 -0 -0 9.99632 3.00129 0.429945 -0.117289 
10 0.00273437 -0 -0 9.99632 3.0013 0.429937 -0.117292 
8 0.00204773 -0.000488281 -0 8.00605 2.99577 0.429441 -0.11789 
6 0.00204773 -0.000488281 -0 5.99451 2.99022 0.428919 -0.118701 
4 0.00204773 0.000488281 -0 3.99769 2.98481 0.428412 -0.11968 
2 0.00204773 -0.000976562 -0 1.99532 2.97931 0.427878 -0.120882 
0 0.00204773 -0 -0 0.0281254 2.97397 0.427366 -0.122234 
-2 0.00204773 -0 -0 -2.00461 2.96848 0.426824 -0.123852 
-4 0.00136108 -0 -0 -4.00736 2.96328 0.42632 -0.125573 
-6 0.00273437 0.000488281 -0 -6.01094 2.95808 0.425812 -0.127493 
-8 0.00204773 0.000488281 -0 -8.00904 2.9529 0.425287 -0.129621 
-10 0.00204773 0.000488281 -0 -9.99755 2.94796 0.424796 -0.131849 
