0 0.000674438 -0.000488281 -0 0.0281254 2.97386 0.427919 -0.12215 
-15 -14.9991 0.000976562 -0 0.0281254 2.95326 0.533806 -0.121538 
-12 -11.9985 0.000488281 -0 0.0281254 2.95515 0.512245 -0.1217 
-9 -8.9985 0.000488281 -0 0.0281254 2.95818 0.490775 -0.121841 
-6 -5.99923 -0.000976562 -0 0.0281254 2.9623 0.469589 -0.121954 
-3 -2.99791 0.000976562 -0 0.0281254 2.96754 0.448605 -0.122058 
0 0.00204773 0.000488281 -0 0.0281254 2.97387 0.427866 -0.122147 
3 3.002 0.000488281 -0 0.0281254 2.98125 0.407588 -0.12223 
6 6.00127 -0 -0 0.0281254 2.9897 0.387677 -0.122291 
9 9.00191 -0.000488281 -0 0.0281254 2.99919 0.368207 -0.122323 
12 12.0019 -0.000488281 -0 0.0281254 3.00968 0.349314 -0.122354 
15 15.0018 0.000488281 -0 0.0281254 3.02114 0.33099 -0.122362 
15 15.0025 0.000488281 -0 0.0281254 3.02115 0.331008 -0.122372 
12 12.0005 0.000976562 -0 0.0281254 3.00969 0.349325 -0.12236 
9 9.00054 0.000488281 -0 0.0281254 2.9992 0.368249 -0.122337 
6 6.00058 0.000976562 -0 0.0281254 2.98971 0.387699 -0.1223 
3 3.00063 0.000488281 -0 0.0281254 2.98126 0.407615 -0.122238 
0 0.00136108 0.000488281 -0 0.0281254 2.97387 0.427904 -0.122159 
-3 -2.99928 0.00146484 -0 0.0281254 2.96753 0.448614 -0.122065 
-6 -6.00129 -0.000976562 -0 0.0281254 2.9623 0.469595 -0.121956 
-9 -9.00056 -0.000488281 -0 0.0281254 2.95818 0.490785 -0.121843 
-12 -11.9998 0.000488281 -0 0.0281254 2.95516 0.512251 -0.121705 
-15 -14.9998 0.000976562 -0 0.0281254 2.95327 0.533782 -0.121552 
-15 -14.9991 0.000976562 -0 0.0281254 2.95327 0.533781 -0.121556 
-12 -11.9978 -0 -0 0.0281254 2.95516 0.512219 -0.121708 
-9 -8.9985 -0 -0 0.0281254 2.95818 0.490752 -0.12184 
-6 -5.99923 -0 -0 0.0281254 2.96231 0.469567 -0.121957 
-3 -2.99722 0.000488281 -0 0.0281254 2.96754 0.44859 -0.122064 
0 0.00204773 -0.000488281 -0 0.0281254 2.97387 0.427878 -0.122157 
3 3.00132 -0.000976562 -0 0.0281254 2.98126 0.407599 -0.122235 
6 6.00127 -0 -0 0.0281254 2.98972 0.38767 -0.122294 
9 9.00191 -0.000488281 -0 0.0281254 2.99921 0.368224 -0.122333 
12 12.0019 -0 -0 0.0281254 3.00969 0.349338 -0.122366 
15 15.0018 -0.000976562 -0 0.0281254 3.02115 0.331001 -0.122371 
15 15.0018 -0.000488281 -0 0.0281254 3.02115 0.331001 -0.122374 
12 11.9998 -0 -0 0.0281254 3.00969 0.349327 -0.122361 
9 8.99985 0.000488281 -0 0.0281254 2.9992 0.368233 -0.122334 
6 5.9999 -0.00146484 -0 0.0281254 2.98971 0.387693 -0.122297 
3 3.00132 0.000488281 -0 0.0281254 2.98126 0.407611 -0.122235 
0 0.00136108 -0 -0 0.0281254 2.97387 0.427904 -0.122154 
-3 -2.99997 -0.000488281 -0 0.0281254 2.96753 0.448626 -0.122062 
-6 -5.99923 -0.000976562 -0 0.0281254 2.9623 0.469602 -0.121954 
-9 -8.9985 0.000976562 -0 0.0281254 2.95818 0.490781 -0.121839 
-12 -12.0005 -0 -0 0.0281254 2.95516 0.512267 -0.121705 
-15 -14.9998 -0 -0 0.0281254 2.95327 0.533802 -0.121551 
-15 -14.9991 -0 -0 0.0281254 2.95327 0.533801 -0.121547 
-12 -11.9978 0.000488281 -0 0.0281254 2.95516 0.512248 -0.121703 
-9 -8.99919 0.000976562 -0 0.0281254 2.95818 0.490768 -0.121838 
-6 -5.99786 -0.000976562 -0 0.0281254 2.96231 0.469582 -0.121955 
-3 -2.99791 0.000488281 -0 0.0281254 2.96753 0.448605 -0.122057 
0 0.00273437 -0.000488281 -0 0.0281254 2.97387 0.427886 -0.122157 
3 3.002 -0.00146484 -0 0.0281254 2.98126 0.407593 -0.122232 
6 6.00127 -0.000488281 -0 0.0281254 2.98971 0.387676 -0.122297 
9 9.00191 -0.000488281 -0 0.0281254 2.9992 0.368231 -0.122335 
12 12.0019 -0 -0 0.0281254 3.00969 0.349319 -0.122363 
15 15.0011 0.00146484 -0 0.0281254 3.02115 0.331001 -0.122371 
15 15.0025 -0 -0 0.0281254 3.02115 0.331005 -0.12237 
12 12.0005 -0.000976562 -0 0.0281254 3.00969 0.349326 -0.122359 
9 9.00122 -0 -0 0.0281254 2.9992 0.368245 -0.122334 
6 6.00127 -0 -0 0.0281254 2.98971 0.387706 -0.122298 
3 3.002 0.000488281 -0 0.0281254 2.98126 0.40762 -0.122239 
0 0.00136108 -0 -0 0.0281254 2.97387 0.427904 -0.122161 
-3 -2.99997 -0.000488281 -0 0.0281254 2.96753 0.448626 -0.122064 
-6 -5.99992 -0.000488281 -0 0.0281254 2.9623 0.469612 -0.121952 
-9 -8.99987 -0.000976562 -0 0.0281254 2.95818 0.490795 -0.12184 
-12 -11.9991 -0 -0 0.0281254 2.95516 0.51226 -0.121702 
-15 -14.9998 0.000488281 -0 0.0281254 2.95327 0.533798 -0.121552 
-15 -14.9998 0.000976562 -0 0.0281254 2.95327 0.533795 -0.121549 
-12 -11.9991 -0 -0 0.0281254 2.95516 0.51224 -0.121706 
-9 -8.9985 -0 -0 0.0281254 2.95818 0.490766 -0.121842 
-6 -5.99923 0.00146484 -0 0.0281254 2.96231 0.469581 -0.121958 
-3 -2.99859 -0.000488281 -0 0.0281254 2.96754 0.448605 -0.122065 
0 0.00204773 0.000488281 -0 0.0281254 2.97387 0.427885 -0.122159 
3 3.00132 -0.000488281 -0 0.0281254 2.98126 0.407602 -0.122235 
6 6.00196 0.000488281 -0 0.0281254 2.98972 0.387672 -0.122297 
9 9.0026 0.000488281 -0 0.0281254 2.9992 0.368234 -0.122336 
12 12.0026 -0.000976562 -0 0.0281254 3.00969 0.34932 -0.122365 
15 15.0011 -0 -0 0.0281254 3.02115 0.331007 -0.122372 
15 15.0018 -0 0.00175781 0.0281254 3.02115 0.331011 -0.122376 
12 12.0005 -0 -0 0.0281254 3.00969 0.34933 -0.122365 
9 9.00122 -0.000488281 -0 0.0281254 2.99919 0.368257 -0.122336 
6 6.00058 0.000488281 -0 0.0281254 2.98971 0.387701 -0.122296 
3 3.00063 -0.000488281 -0 0.0281254 2.98125 0.40762 -0.122242 
0 0.00136108 0.000976562 -0 0.0281254 2.97387 0.42791 -0.122161 
-3 -2.99997 -0 -0 0.0281254 2.96753 0.448628 -0.122066 
-6 -5.99992 -0.000488281 -0 0.0281254 2.9623 0.469603 -0.121957 
-9 -8.99781 -0 -0 0.0281254 2.95818 0.490787 -0.121842 
-12 -11.9998 0.000488281 -0 0.0281254 2.95516 0.512259 -0.121706 
-15 -14.9998 -0 -0 0.0281254 2.95327 0.533802 -0.121555 
-15 -14.9998 -0.000488281 -0 0.0281254 2.95327 0.5338 -0.121549 
-12 -11.9985 -0 -0 0.0281254 2.95516 0.512245 -0.121704 
-9 -8.9985 -0.000488281 -0 0.0281254 2.95818 0.490769 -0.121843 
-6 -5.99786 -0 -0 0.0281254 2.96231 0.46958 -0.121957 
-3 -2.99859 0.000976562 -0 0.0281254 2.96754 0.448602 -0.122067 
0 0.00204773 0.000488281 -0 0.0281254 2.97387 0.427889 -0.122158 
3 3.002 0.000488281 -0 0.0281254 2.98126 0.407619 -0.122238 
6 6.00127 -0.000976562 -0 0.0281254 2.98971 0.387685 -0.122298 
9 9.00122 -0.000976562 -0 0.0281254 2.9992 0.368239 -0.12233 
12 12.0019 -0.000488281 -0 0.0281254 3.0097 0.349318 -0.122365 
15 15.0025 0.000488281 -0 0.0281254 3.02116 0.330992 -0.122368 
15 15.0018 0.000488281 -0 0.0281254 3.02116 0.330999 -0.122372 
12 12.0012 0.000976562 -0 0.0281254 3.00969 0.349329 -0.122365 
9 9.00054 -0 -0 0.0281254 2.9992 0.368248 -0.122338 
6 6.00127 0.000976562 -0 0.0281254 2.98971 0.387699 -0.122297 
3 3.00063 0.000976562 -0 0.0281254 2.98126 0.407614 -0.122238 
0 0.00136108 -0.000488281 -0 0.0281254 2.97387 0.427907 -0.122157 
-3 -3.00065 -0 -0 0.0281254 2.96754 0.448617 -0.122067 
-6 -5.99992 0.000488281 -0 0.0281254 2.96231 0.469609 -0.121955 
-9 -8.99781 0.000488281 -0 0.0281254 2.95818 0.490791 -0.121842 
-12 -11.9998 -0.000976562 -0 0.0281254 2.95516 0.512271 -0.121711 
-15 -14.9991 -0.000976562 -0 0.0281254 2.95327 0.533806 -0.121554 
-15 -15.0005 -0 -0 0.0281254 2.95327 0.533798 -0.121554 
-12 -11.9991 0.000488281 -0 0.0281254 2.95516 0.512243 -0.121705 
-9 -8.99919 -0.000488281 -0 0.0281254 2.95818 0.490772 -0.121846 
-6 -5.99786 -0.000976562 -0 0.0281254 2.9623 0.469583 -0.121958 
-3 -2.99859 -0.000488281 -0 0.0281254 2.96753 0.448613 -0.122066 
0 0.00204773 0.000488281 -0 0.0281254 2.97387 0.427883 -0.12216 
3 3.002 0.000488281 -0 0.0281254 2.98126 0.407585 -0.122239 
9 9.0026 0.00146484 -0 0.0281254 2.9992 0.368219 -0.122343 
12 12.0019 0.000488281 -0 0.0281254 3.00969 0.349324 -0.122366 
15 15.0018 -0.000488281 -0 0.0281254 3.02115 0.331004 -0.122371 
15 15.0025 -0 -0 0.0281254 3.02115 0.331006 -0.122379 
12 12.0005 -0.000488281 -0 0.0281254 3.00969 0.349325 -0.12236 
9 9.00054 0.000488281 -0 0.0281254 2.99919 0.368251 -0.122337 
6 6.00058 -0.000488281 -0 0.0281254 2.98971 0.387699 -0.122302 
3 3.00063 -0 -0 0.0281254 2.98125 0.407619 -0.122241 
0 0.00136108 -0 -0 0.0281254 2.97387 0.427906 -0.122159 
-3 -2.99997 0.000488281 -0 0.0281254 2.96753 0.448628 -0.122066 
-6 -5.99992 0.000488281 -0 0.0281254 2.9623 0.469608 -0.12196 
-9 -8.99987 0.00195312 -0 0.0281254 2.95818 0.490796 -0.121842 
-12 -11.9985 -0.000488281 -0 0.0281254 2.95516 0.51227 -0.121701 
-15 -14.9991 -0 -0 0.0281254 2.95327 0.533799 -0.121551 
-15 -14.9991 -0.000488281 -0 0.0281254 2.95327 0.533796 -0.121556 
-12 -11.9978 -0.000488281 -0 0.0281254 2.95516 0.512249 -0.121705 
-9 -8.9985 0.000976562 -0 0.0281254 2.95818 0.490778 -0.12184 
-6 -5.99855 -0 -0 0.0281254 2.96231 0.469586 -0.121957 
-3 -2.99859 -0 -0 0.0281254 2.96753 0.44861 -0.122065 
0 0.00273437 -0.000488281 -0 0.0281254 2.97387 0.427891 -0.122158 
3 3.00269 0.000488281 -0 0.0281254 2.98126 0.407599 -0.122237 
6 6.00264 -0.000976562 -0 0.0281254 2.98971 0.38769 -0.1223 
9 9.00191 0.000488281 -0 0.0281254 2.9992 0.368238 -0.122338 
12 12.0019 -0 -0 0.0281254 3.00969 0.349326 -0.122367 
15 15.0018 -0 -0 0.0281254 3.02115 0.331011 -0.122372 
15 15.0025 -0 -0 0.0281254 3.02115 0.331016 -0.122373 
12 12.0012 -0.00146484 -0 0.0281254 3.00969 0.349339 -0.122362 
9 8.99985 -0.000488281 -0 0.0281254 2.9992 0.368262 -0.122334 
6 5.99921 0.00195312 -0 0.0281254 2.98971 0.387703 -0.122304 
3 2.99994 -0.000976562 -0 0.0281254 2.98126 0.407622 -0.122238 
0 0.00136108 0.000488281 -0 0.0281254 2.97387 0.42792 -0.122161 
-3 -2.99928 -0.00195312 -0 0.0281254 2.96754 0.448629 -0.122067 
-6 -6.00061 -0 -0 0.0281254 2.96231 0.46961 -0.121959 
-9 -8.99987 -0.000488281 -0 0.0281254 2.95818 0.490796 -0.121844 
-12 -11.9998 -0.000976562 -0 0.0281254 2.95516 0.512264 -0.121709 
-15 -14.9998 0.000488281 -0 0.0281254 2.95327 0.5338 -0.121554 
-15 -15.0005 -0 -0 0.0281254 2.95327 0.53379 -0.12155 
-12 -11.9978 -0.000488281 -0 0.0281254 2.95516 0.512239 -0.121705 
-9 -8.9985 0.000488281 -0 0.0281254 2.95818 0.490761 -0.121845 
-6 -5.99855 -0 -0 0.0281254 2.96231 0.46958 -0.121954 
-3 -2.99791 -0 -0 0.0281254 2.96754 0.448604 -0.122061 
0 0.00273437 -0.00146484 -0 0.0281254 2.97387 0.427885 -0.122158 
3 3.00132 -0.000976562 -0 0.0281254 2.98126 0.407599 -0.122235 
6 6.00333 -0.000488281 -0 0.0281254 2.98971 0.387688 -0.122302 
9 9.00122 -0.000488281 -0 0.0281254 2.9992 0.368231 -0.122332 
12 12.0026 0.00146484 -0 0.0281254 3.00969 0.349325 -0.122363 
15 15.0018 -0 -0 0.0281254 3.02115 0.331007 -0.122373 
15 15.0025 0.000976562 -0 0.0281254 3.02115 0.331007 -0.122374 
12 12.0005 0.000488281 -0 0.0281254 3.00969 0.349326 -0.122359 
9 9.00054 -0.000488281 -0 0.0281254 2.9992 0.36825 -0.122336 
6 6.00058 -0.000488281 -0 0.0281254 2.98971 0.387702 -0.122299 
3 3.00063 -0 -0 0.0281254 2.98126 0.407621 -0.122236 
0 0.00136108 -0.000488281 -0 0.0281254 2.97387 0.427913 -0.122158 
-3 -3.00065 -0 -0 0.0281254 2.96753 0.448636 -0.122066 
-6 -6.00061 0.000976562 -0 0.0281254 2.96231 0.469609 -0.121957 
-9 -8.99919 0.000488281 -0 0.0281254 2.95818 0.490791 -0.12184 
-12 -11.9998 0.00195312 -0 0.0281254 2.95516 0.512273 -0.121701 
-15 -14.9998 0.000488281 -0 0.0281254 2.95327 0.533807 -0.121548 
-15 -14.9998 0.00195312 -0 0.0281254 2.95327 0.533803 -0.121546 
-12 -11.9991 -0.000488281 -0 0.0281254 2.95516 0.512245 -0.121708 
-9 -8.9985 -0 -0 0.0281254 2.95818 0.490773 -0.121843 
-6 -5.99923 0.000976562 -0 0.0281254 2.96231 0.46959 -0.121958 
-3 -2.99791 -0 -0 0.0281254 2.96754 0.448606 -0.122062 
0 0.00273437 -0.000488281 -0 0.0281254 2.97387 0.427886 -0.122154 
3 3.002 0.000488281 -0 0.0281254 2.98126 0.407599 -0.122234 
6 6.00196 -0.000488281 -0 0.0281254 2.98972 0.387673 -0.122305 
9 9.0026 -0 -0 0.0281254 2.99921 0.368223 -0.122335 
12 12.0026 -0 -0 0.0281254 3.0097 0.349318 -0.122367 
15 15.0032 0.00146484 -0 0.0281254 3.02116 0.331011 -0.122376 
15 15.0018 0.000488281 -0 0.0281254 3.02116 0.331008 -0.122376 
12 12.0012 -0 -0 0.0281254 3.00969 0.349329 -0.122364 
9 8.99985 0.000488281 -0 0.0281254 2.9992 0.368252 -0.122334 
6 6.00058 0.000488281 -0 0.0281254 2.98971 0.387698 -0.122298 
3 3.00063 -0 -0 0.0281254 2.98126 0.407618 -0.122237 
0 0.00136108 -0.000976562 -0 0.0281254 2.97387 0.427902 -0.122158 
-3 -2.99997 -0.000488281 -0 0.0281254 2.96754 0.44862 -0.122065 
-6 -5.99992 -0 -0 0.0281254 2.96231 0.469602 -0.121956 
-9 -9.00125 -0 -0 0.0281254 2.95818 0.490798 -0.121839 
-12 -11.9985 -0.000488281 -0 0.0281254 2.95516 0.512263 -0.121708 
-15 -14.9998 -0.000488281 -0 0.0281254 2.95327 0.533799 -0.121553 
-15 -14.9991 -0 -0 0.0281254 2.95327 0.533799 -0.121549 
-12 -11.9991 0.000488281 -0 0.0281254 2.95516 0.512247 -0.121705 
-9 -8.9985 -0.000488281 -0 0.0281254 2.95818 0.490774 -0.121838 
-6 -5.99923 0.000976562 -0 0.0281254 2.96231 0.469582 -0.121954 
-3 -2.99859 0.000976562 -0 0.0281254 2.96754 0.44861 -0.122066 
0 0.00204773 -0 -0 0.0281254 2.97388 0.427886 -0.122155 
3 3.002 -0 -0 0.0281254 2.98126 0.4076 -0.122237 
6 6.00196 -0.00146484 -0 0.0281254 2.98972 0.387679 -0.1223 
9 9.0026 0.000488281 -0 0.0281254 2.99921 0.36823 -0.122333 
12 12.0019 -0.000976562 -0 0.0281254 3.0097 0.349316 -0.122363 
15 15.0025 -0 -0 0.0281254 3.02116 0.331004 -0.122372 
15 15.0025 -0.000488281 -0 0.0281254 3.02116 0.330995 -0.122373 
12 11.9998 -0 -0 0.0281254 3.0097 0.349336 -0.122353 
9 9.00122 -0.00146484 -0 0.0281254 2.9992 0.368262 -0.122333 
6 5.9999 -0 -0 0.0281254 2.98971 0.387704 -0.1223 
3 3.00063 -0.000976562 -0 0.0281254 2.98126 0.407623 -0.122237 
0 0.00136108 0.000488281 -0 0.0281254 2.97387 0.427894 -0.122156 
-3 -2.99997 -0 -0 0.0281254 2.96754 0.448632 -0.122061 
-6 -5.99923 0.000976562 -0 0.0281254 2.96231 0.469595 -0.121952 
-9 -8.99919 -0 -0 0.0281254 2.95819 0.490785 -0.121837 
-12 -11.9991 -0 -0 0.0281254 2.95516 0.512276 -0.1217 
-15 -14.9998 0.000488281 -0 0.0281254 2.95327 0.533806 -0.12155 
-15 -14.9998 0.000976562 -0 0.0281254 2.95327 0.533803 -0.121545 
-12 -11.9985 -0.000488281 -0 0.0281254 2.95516 0.512245 -0.121703 
-9 -8.9985 -0.000488281 -0 0.0281254 2.95818 0.490775 -0.121842 
-6 -5.99786 -0.000488281 -0 0.0281254 2.96231 0.469582 -0.121951 
-3 -2.99859 0.000976562 -0 0.0281254 2.96754 0.448606 -0.12206 
0 0.00342102 0.000976562 -0 0.0281254 2.97387 0.427886 -0.122154 
3 3.00269 -0.000976562 -0 0.0281254 2.98126 0.407598 -0.122231 
6 6.00196 -0 -0 0.0281254 2.98971 0.387679 -0.122296 
9 9.0026 -0.000488281 -0 0.0281254 2.9992 0.368233 -0.122329 
12 12.0019 0.000488281 -0 0.0281254 3.00969 0.349316 -0.122358 
15 15.0018 -0 -0 0.0281254 3.02115 0.331012 -0.122369 
15 15.0032 -0 -0 0.0281254 3.02115 0.33101 -0.122369 
12 12.0019 0.000488281 -0 0.0281254 3.00969 0.349337 -0.122354 
9 8.99985 -0.000488281 -0 0.0281254 2.99919 0.368257 -0.122333 
6 6.00127 0.000488281 -0 0.0281254 2.98971 0.38771 -0.122305 
3 3.00063 0.000976562 -0 0.0281254 2.98125 0.407624 -0.122229 
0 0.000674438 0.000488281 -0 0.0281254 2.97386 0.427915 -0.122149 
-3 -2.99997 -0 -0 0.0281254 2.96753 0.448633 -0.122056 
-6 -6.00061 0.000976562 -0 0.0281254 2.9623 0.469602 -0.121948 
-9 -8.99919 -0 -0 0.0281254 2.95818 0.490793 -0.121834 
-12 -11.9998 0.000976562 -0 0.0281254 2.95515 0.512278 -0.121698 
-15 -14.9998 0.000488281 -0 0.0281254 2.95327 0.533804 -0.121544 
-15 -15.0005 0.000488281 -0 0.0281254 2.95327 0.533806 -0.121543 
-12 -11.9998 0.000488281 -0 0.0281254 2.95515 0.512253 -0.121694 
-9 -8.9985 -0.000976562 -0 0.0281254 2.95818 0.490777 -0.121834 
-6 -5.99717 -0.00146484 -0 0.0281254 2.96231 0.469582 -0.121948 
-3 -2.99791 -0.000976562 -0 0.0281254 2.96753 0.448605 -0.122055 
0 0.00136108 -0.000488281 -0 0.0281254 2.97387 0.427885 -0.122149 
3 3.00269 -0 -0 0.0281254 2.98125 0.407612 -0.122233 
6 6.00264 0.000488281 -0 0.0281254 2.98971 0.387687 -0.122288 
9 9.0026 -0 -0 0.0281254 2.9992 0.36823 -0.12232 
12 12.0026 0.000976562 -0 0.0281254 3.00969 0.349318 -0.122354 
15 15.0025 0.000976562 -0 0.0281254 3.02115 0.331007 -0.122364 
15 15.0018 -0.000976562 -0 0.0281254 3.02115 0.33101 -0.122364 
12 12.0005 -0 -0 0.0281254 3.00968 0.349336 -0.12235 
9 8.99985 0.000488281 -0 0.0281254 2.99919 0.368252 -0.122325 
6 6.00127 -0 -0 0.0281254 2.9897 0.3877 -0.12229 
3 3.00063 0.000488281 -0 0.0281254 2.98125 0.407615 -0.12223 
0 0.00136108 -0.000488281 -0 0.0281254 2.97387 0.427902 -0.122149 
-3 -3.00065 0.000976562 -0 0.0281254 2.96753 0.448637 -0.122051 
-6 -5.99992 -0.000488281 -0 0.0281254 2.9623 0.469608 -0.12195 
-9 -9.00056 -0.000488281 -0 0.0281254 2.95818 0.490795 -0.121833 
-12 -11.9998 0.000976562 -0 0.0281254 2.95516 0.512263 -0.121698 
-15 -14.9991 -0.000488281 -0 0.0281254 2.95327 0.533792 -0.121541 
-15 -14.9984 0.000488281 -0 0.0281254 2.95327 0.5338 -0.121543 
-12 -11.9985 0.000976562 -0 0.0281254 2.95516 0.512242 -0.121699 
-9 -8.99781 0.000488281 -0 0.0281254 2.95818 0.490768 -0.121839 
-6 -5.99786 -0.000976562 -0 0.0281254 2.96231 0.469569 -0.121953 
-3 -2.99859 -0.000488281 -0 0.0281254 2.96754 0.448611 -0.122057 
0 0.00136108 -0 -0 0.0281254 2.97387 0.427882 -0.122148 
3 3.002 -0.000488281 -0 0.0281254 2.98126 0.407601 -0.12223 
6 6.00196 -0 -0 0.0281254 2.98971 0.387684 -0.122292 
9 9.0026 -0.00146484 -0 0.0281254 2.9992 0.368233 -0.122323 
12 12.0019 0.000488281 -0 0.0281254 3.00969 0.349324 -0.12235 
15 15.0018 0.000976562 -0 0.0281254 3.02115 0.331013 -0.122362 
15 15.0025 -0.000488281 -0 0.0281254 3.02115 0.331005 -0.122355 
12 11.9998 -0.000976562 -0 0.0281254 3.00969 0.349328 -0.12235 
9 9.00122 -0 -0 0.0281254 2.99919 0.368264 -0.122328 
6 5.9999 -0 -0 0.0281254 2.98971 0.387697 -0.12229 
3 2.99994 -0.000488281 -0 0.0281254 2.98127 0.407621 -0.122234 
0 0.00136108 -0 -0 0.0281254 2.97387 0.427909 -0.122151 
-3 -2.99997 0.000488281 -0 0.0281254 2.96754 0.448618 -0.122059 
-6 -5.99992 -0 -0 0.0281254 2.96231 0.469609 -0.121954 
-9 -8.99919 -0 -0 0.0281254 2.95819 0.490794 -0.121841 
-12 -11.9998 0.000488281 -0 0.0281254 2.95517 0.512269 -0.121698 
-15 -15.0005 0.000488281 -0 0.0281254 2.95327 0.533802 -0.121544 
-15 -15.0005 -0.000488281 -0 0.0281254 2.95327 0.533808 -0.121543 
-12 -11.9985 0.000976562 -0 0.0281254 2.95516 0.51224 -0.121703 
-9 -8.99781 -0.000976562 -0 0.0281254 2.95819 0.490767 -0.121841 
-6 -5.99855 -0 -0 0.0281254 2.96231 0.469575 -0.121953 
-3 -2.99859 0.000488281 -0 0.0281254 2.96754 0.448609 -0.122062 
0 0.00136108 -0.000976562 -0 0.0281254 2.97388 0.427882 -0.122149 
3 3.002 -0 -0 0.0281254 2.98127 0.407596 -0.122231 
6 6.00196 0.000488281 -0 0.0281254 2.98972 0.387679 -0.122294 
9 9.00191 0.000488281 -0 0.0281254 2.99921 0.368225 -0.12233 
12 12.0019 -0 -0 0.0281254 3.0097 0.349319 -0.122356 
15 15.0025 0.000488281 -0 0.0281254 3.02116 0.330999 -0.122364 
15 15.0025 0.000488281 -0 0.0281254 3.02116 0.330999 -0.12237 
12 12.0005 0.000488281 -0 0.0281254 3.00969 0.349347 -0.12236 
9 8.99985 -0.000488281 -0 0.0281254 2.9992 0.368248 -0.122327 
6 6.00058 -0 -0 0.0281254 2.98971 0.387706 -0.122293 
3 3.00063 0.000488281 -0 0.0281254 2.98126 0.407622 -0.12223 
0 0.00136108 -0 -0 0.0281254 2.97388 0.427922 -0.122152 
-3 -2.99997 -0.000976562 -0 0.0281254 2.96754 0.448637 -0.122058 
-6 -6.00061 -0.000488281 -0 0.0281254 2.96231 0.469616 -0.12195 
-9 -8.99919 -0 -0 0.0281254 2.95819 0.490793 -0.121836 
-12 -12.0005 -0.000976562 -0 0.0281254 2.95516 0.512272 -0.121696 
-15 -14.9991 0.00146484 -0 0.0281254 2.95327 0.533803 -0.121542 
-15 -14.9998 -0 -0 0.0281254 2.95327 0.533802 -0.12155 
-12 -11.9991 -0.000976562 -0 0.0281254 2.95517 0.512241 -0.121703 
-9 -8.99781 -0.000488281 -0 0.0281254 2.95819 0.490766 -0.12184 
-6 -5.99923 -0.000488281 -0 0.0281254 2.96232 0.469574 -0.121953 
-3 -2.99928 -0.000976562 -0 0.0281254 2.96755 0.4486 -0.122059 
0 0.00273437 -0 -0 0.0281254 2.97388 0.427882 -0.122153 
3 3.002 -0.00146484 -0 0.0281254 2.98127 0.407597 -0.122231 
6 6.00127 0.000488281 -0 0.0281254 2.98972 0.387684 -0.122294 
9 9.0026 -0.000976562 -0 0.0281254 2.99921 0.368242 -0.122327 
12 12.0019 -0 -0 0.0281254 3.0097 0.349322 -0.122361 
15 15.0018 -0 -0 0.0281254 3.02117 0.331004 -0.122367 
15 15.0018 0.000976562 -0 0.0281254 3.02117 0.331007 -0.122369 
12 12.0005 -0.000488281 -0 0.0281254 3.0097 0.349327 -0.122358 
9 9.00054 -0 -0 0.0281254 2.99921 0.368257 -0.122331 
6 6.00058 -0 -0 0.0281254 2.98972 0.387699 -0.122297 
3 3.00063 0.000976562 -0 0.0281254 2.98126 0.40762 -0.122234 
0 -1.2207e-05 0.000488281 -0 0.0281254 2.97388 0.42791 -0.122156 
-3 -2.99997 -0.000488281 -0 0.0281254 2.96754 0.44864 -0.122058 
-6 -6.00061 0.000488281 -0 0.0281254 2.96231 0.469599 -0.121951 
-9 -8.99987 -0.000976562 -0 0.0281254 2.95818 0.490793 -0.121835 
-12 -11.9991 0.000488281 -0 0.0281254 2.95516 0.512261 -0.121702 
-15 -14.9991 -0.000488281 -0 0.0281254 2.95327 0.533794 -0.121546 
-15 -14.9991 0.000488281 -0 0.0281254 2.95328 0.533783 -0.121546 
-12 -11.9985 -0 -0 0.0281254 2.95516 0.51224 -0.121697 
-9 -8.99919 0.000488281 -0 0.0281254 2.95819 0.49077 -0.121836 
-6 -5.99855 -0 -0 0.0281254 2.96231 0.469577 -0.121948 
-3 -2.99791 0.000488281 -0 0.0281254 2.96754 0.44859 -0.122062 
0 0.00273437 0.000488281 -0 0.0281254 2.97388 0.427884 -0.122151 
3 3.002 0.000488281 -0 0.0281254 2.98126 0.407593 -0.122232 
6 6.00264 -0 -0 0.0281254 2.98972 0.387674 -0.12229 
9 9.00191 -0.000488281 -0 0.0281254 2.99921 0.368229 -0.122331 
12 12.0026 -0.00195312 -0 0.0281254 3.0097 0.349322 -0.122361 
15 15.0025 -0.000488281 -0 0.0281254 3.02116 0.330994 -0.122368 
15 15.0011 0.000488281 -0 0.0281254 3.02117 0.330983 -0.122364 
12 12.0005 -0.000976562 -0 0.0281254 3.0097 0.34932 -0.122357 
9 9.00054 -0.000976562 -0 0.0281254 2.9992 0.368238 -0.122327 
6 6.00058 -0.00146484 -0 0.0281254 2.98972 0.387692 -0.122291 
3 3.00063 -0 -0 0.0281254 2.98126 0.407604 -0.122225 
0 0.000674438 -0.000488281 -0 0.0281254 2.97387 0.427908 -0.122152 
-3 -3.00065 -0 -0 0.0281254 2.96754 0.448624 -0.122055 
-6 -5.99923 0.000488281 -0 0.0281254 2.96231 0.469605 -0.121946 
-9 -8.99987 -0.000488281 -0 0.0281254 2.95819 0.490786 -0.121827 
-12 -11.9998 -0 -0 0.0281254 2.95516 0.512267 -0.121699 
-15 -14.9998 -0.000976562 -0 0.0281254 2.95328 0.533795 -0.121542 
-12 -11.9985 -0.000488281 -0 0.0281254 2.95516 0.512241 -0.121697 
-9 -8.9985 -0.000976562 -0 0.0281254 2.95819 0.490771 -0.121829 
-6 -5.99855 0.000488281 -0 0.0281254 2.96231 0.469581 -0.121948 
-3 -2.99859 0.00146484 -0 0.0281254 2.96754 0.448599 -0.12205 
0 0.00136108 -0.00146484 -0 0.0281254 2.97388 0.427882 -0.122146 
3 3.00132 0.00146484 -0 0.0281254 2.98126 0.40759 -0.122224 
6 6.00333 -0.000976562 -0 0.0281254 2.98972 0.387682 -0.12229 
9 9.0026 0.000488281 -0 0.0281254 2.99921 0.368232 -0.12232 
12 12.0019 -0.000488281 -0 0.0281254 3.0097 0.349322 -0.122352 
15 15.0032 -0.000976562 -0 0.0281254 3.02116 0.331 -0.122364 
15 15.0018 0.00146484 -0 0.0281254 3.02116 0.331008 -0.12236 
12 12.0005 0.000488281 -0 0.0281254 3.0097 0.349329 -0.12235 
9 9.00122 -0 -0 0.0281254 2.9992 0.368248 -0.122325 
6 6.00127 -0.000976562 -0 0.0281254 2.98972 0.387696 -0.122285 
3 2.99994 -0 -0 0.0281254 2.98126 0.407612 -0.122226 
0 0.000674438 0.000488281 -0 0.0281254 2.97388 0.427909 -0.122147 
-3 -2.99859 -0 -0 0.0281254 2.96754 0.448627 -0.122053 
-6 -5.99855 -0 -0 0.0281254 2.96231 0.469601 -0.121947 
-9 -8.99987 0.000976562 -0 0.0281254 2.95819 0.490791 -0.121832 
-12 -11.9985 0.000488281 -0 0.0281254 2.95516 0.512268 -0.121696 
-15 -14.9998 -0.000976562 -0 0.0281254 2.95328 0.533802 -0.121537 
-15 -15.0005 0.000488281 -0 0.0281254 2.95328 0.533795 -0.121539 
-12 -11.9985 -0 -0 0.0281254 2.95516 0.512234 -0.121696 
-9 -8.9985 -0 -0 0.0281254 2.95818 0.490773 -0.121835 
-6 -5.99923 -0.000488281 -0 0.0281254 2.96231 0.46958 -0.121943 
-3 -2.99859 0.000488281 -0 0.0281254 2.96754 0.448599 -0.122055 
0 0.00273437 -0.000976562 -0 0.0281254 2.97388 0.427885 -0.122146 
3 3.00269 -0.000976562 -0 0.0281254 2.98126 0.407597 -0.122224 
6 6.00264 0.000488281 -0 0.0281254 2.98972 0.387677 -0.122289 
9 9.00191 -0 -0 0.0281254 2.99921 0.368199 -0.122319 
12 12.0019 0.000976562 -0 0.0281254 3.0097 0.349312 -0.122351 
15 15.0018 0.000488281 -0 0.0281254 3.02116 0.331002 -0.122362 
15 15.0018 -0 -0 0.0281254 3.02116 0.331 -0.122361 
12 12.0019 0.000488281 -0 0.0281254 3.0097 0.349326 -0.122348 
9 9.00054 -0 -0 0.0281254 2.9992 0.368246 -0.122325 
6 6.00127 0.000976562 -0 0.0281254 2.98971 0.387702 -0.122286 
3 3.00063 -0 -0 0.0281254 2.98126 0.407612 -0.122225 
0 0.00136108 -0 -0 0.0281254 2.97387 0.42791 -0.122145 
-3 -2.99997 0.000488281 -0 0.0281254 2.96754 0.448621 -0.122057 
-6 -5.99992 -0.000488281 -0 0.0281254 2.96231 0.469601 -0.121946 
-9 -8.99987 0.000488281 -0 0.0281254 2.95818 0.490798 -0.121829 
-12 -11.9991 -0.00146484 -0 0.0281254 2.95516 0.51226 -0.121697 
-15 -14.9998 -0 -0 0.0281254 2.95327 0.533798 -0.12154 
-15 -14.9998 0.000976562 -0 0.0281254 2.95327 0.533795 -0.121541 
-12 -11.9985 -0 -0 0.0281254 2.95516 0.51224 -0.121693 
-9 -8.9985 -0.000976562 -0 0.0281254 2.95818 0.490772 -0.121829 
-6 -5.99855 0.00146484 -0 0.0281254 2.96231 0.469575 -0.12194 
-3 -2.99859 -0 -0 0.0281254 2.96754 0.448598 -0.122054 
0 0.00273437 0.000976562 -0 0.0281254 2.97387 0.427887 -0.122145 
3 3.00132 -0 -0 0.0281254 2.98126 0.407589 -0.122224 
6 6.00127 0.000976562 -0 0.0281254 2.98972 0.387671 -0.122285 
9 9.00191 -0 -0 0.0281254 2.99921 0.368228 -0.122321 
12 12.0026 0.000976562 -0 0.0281254 3.0097 0.349307 -0.122349 
15 15.0011 -0.00195312 -0 0.0281254 3.02116 0.331007 -0.122357 
15 15.0011 0.000976562 -0 0.0281254 3.02116 0.330964 -0.122386 
12 11.9998 0.00195312 -0 0.0281254 3.0097 0.349332 -0.12235 
9 9.00054 -0 -0 0.0281254 2.9992 0.36825 -0.122321 
6 6.00127 -0 -0 0.0281254 2.98972 0.3877 -0.122287 
3 2.99994 -0.000976562 -0 0.0281254 2.98126 0.407612 -0.122226 
0 0.000674438 0.00146484 -0 0.0281254 2.97387 0.427901 -0.122151 
-3 -2.99997 0.000488281 -0 0.0281254 2.96754 0.448626 -0.122054 
-6 -5.99992 0.000488281 -0 0.0281254 2.96231 0.4696 -0.121944 
-9 -8.99987 -0.000488281 -0 0.0281254 2.95819 0.490785 -0.121832 
-12 -11.9991 -0.000976562 -0 0.0281254 2.95516 0.512266 -0.121698 
-15 -14.9998 -0.000488281 -0 0.0281254 2.95327 0.533804 -0.121541 
-15 -14.9991 -0.000976562 -0 0.0281254 2.95328 0.533793 -0.12154 
-12 -11.9985 0.000488281 -0 0.0281254 2.95517 0.512228 -0.121691 
-9 -8.99919 -0.000976562 -0 0.0281254 2.95819 0.490775 -0.12183 
-6 -5.99855 0.000976562 -0 0.0281254 2.96231 0.469571 -0.121946 
-3 -2.99859 0.000976562 -0 0.0281254 2.96754 0.448605 -0.122054 
0 0.00136108 0.00146484 -0 0.0281254 2.97388 0.427888 -0.122146 
3 3.00269 -0 -0 0.0281254 2.98127 0.407595 -0.122224 
6 6.00196 -0 -0 0.0281254 2.98972 0.387681 -0.122286 
9 9.00191 0.000488281 -0 0.0281254 2.99921 0.368231 -0.122326 
12 12.0012 0.000488281 -0 0.0281254 3.0097 0.349321 -0.12235 
15 15.0025 -0.000488281 -0 0.0281254 3.02116 0.331008 -0.122361 
15 15.0018 0.00146484 -0 0.0281254 3.02117 0.331005 -0.122364 
12 12.0005 0.000488281 -0 0.0281254 3.0097 0.349333 -0.122353 
9 8.99985 0.000976562 -0 0.0281254 2.9992 0.368254 -0.122326 
6 5.9999 -0.000976562 -0 0.0281254 2.98972 0.387694 -0.122293 
3 2.99994 -0 -0 0.0281254 2.98127 0.407616 -0.122224 
0 0.00136108 0.000488281 -0 0.0281254 2.97388 0.427912 -0.122144 
-3 -3.00065 -0 -0 0.0281254 2.96754 0.44863 -0.12205 
-6 -5.99992 -0.000488281 -0 0.0281254 2.96231 0.4696 -0.121939 
-9 -8.99919 0.000488281 -0 0.0281254 2.95819 0.490784 -0.12183 
-12 -11.9991 0.000488281 -0 0.0281254 2.95517 0.512262 -0.121694 
-15 -14.9998 -0.000488281 -0 0.0281254 2.95328 0.533798 -0.121538 
-15 -14.9998 0.000488281 -0 0.0281254 2.95328 0.533791 -0.121536 
-12 -11.9991 -0 -0 0.0281254 2.95517 0.512236 -0.121694 
-9 -8.9985 -0.000488281 -0 0.0281254 2.95819 0.490769 -0.121829 
-6 -5.99786 -0.000488281 -0 0.0281254 2.96231 0.469578 -0.121939 
-3 -2.99791 -0 -0 0.0281254 2.96754 0.448602 -0.122053 
0 0.00204773 -0.000488281 -0 0.0281254 2.97388 0.427888 -0.122145 
3 3.00269 0.000976562 -0 0.0281254 2.98126 0.407597 -0.122218 
6 6.00264 0.000488281 -0 0.0281254 2.98972 0.387679 -0.122285 
9 9.0026 0.000488281 -0 0.0281254 2.99921 0.368228 -0.122324 
12 12.0012 0.000488281 -0 0.0281254 3.0097 0.349318 -0.122349 
15 15.0018 0.000488281 -0 0.0281254 3.02116 0.331008 -0.12236 
15 15.0018 0.000488281 -0 0.0281254 3.02116 0.331008 -0.122362 
12 12.0005 0.000488281 -0 0.0281254 3.0097 0.349333 -0.122344 
9 9.00122 -0.000976562 -0 0.0281254 2.9992 0.368252 -0.122322 
6 6.00058 -0 -0 0.0281254 2.98972 0.387704 -0.122283 
3 3.00063 0.000976562 -0 0.0281254 2.98126 0.407604 -0.122221 
0 0.000674438 -0 -0 0.0281254 2.97388 0.427905 -0.122144 
-3 -2.99997 0.000976562 -0 0.0281254 2.96754 0.448624 -0.122049 
-6 -5.99992 -0.000488281 -0 0.0281254 2.96231 0.469599 -0.121939 
-9 -8.99987 -0.000488281 -0 0.0281254 2.95819 0.490791 -0.121829 
-12 -11.9985 -0.000488281 -0 0.0281254 2.95516 0.512264 -0.121689 
-15 -14.9991 -0.000488281 -0 0.0281254 2.95328 0.533802 -0.12153 
-15 -14.9984 -0 -0 0.0281254 2.95328 0.533795 -0.121536 
-12 -11.9985 0.000488281 -0 0.0281254 2.95517 0.512235 -0.121688 
-9 -8.9985 0.000488281 -0 0.0281254 2.95819 0.49077 -0.121828 
-6 -5.99786 -0 -0 0.0281254 2.96232 0.469572 -0.12194 
-3 -2.99859 0.00195312 -0 0.0281254 2.96755 0.448599 -0.122048 
0 0.00204773 -0.000488281 -0 0.0281254 2.97388 0.427886 -0.122145 
3 3.002 -0.000488281 -0 0.0281254 2.98127 0.407588 -0.122228 
6 6.00196 -0.000488281 -0 0.0281254 2.98972 0.387679 -0.122281 
9 9.0026 -0.000976562 -0 0.0281254 2.99921 0.368233 -0.122322 
12 12.0019 0.000488281 -0 0.0281254 3.0097 0.34932 -0.122352 
15 15.0025 -0.000488281 -0 0.0281254 3.02117 0.330997 -0.122358 
15 15.0025 0.00146484 -0 0.0281254 3.02117 0.330988 -0.122359 
12 12.0012 -0.00146484 -0 0.0281254 3.0097 0.349326 -0.122349 
9 9.00054 0.000976562 -0 0.0281254 2.9992 0.368244 -0.122322 
6 5.9999 -0 -0 0.0281254 2.98972 0.387707 -0.122285 
3 3.00063 -0.000488281 -0 0.0281254 2.98126 0.407616 -0.122223 
0 0.000674438 -0 -0 0.0281254 2.97388 0.427896 -0.122147 
-3 -2.99997 -0 -0 0.0281254 2.96754 0.448626 -0.12205 
-6 -6.00061 0.000488281 -0 0.0281254 2.96232 0.469596 -0.121943 
-9 -8.99987 0.00146484 -0 0.0281254 2.95819 0.490785 -0.121827 
-12 -11.9998 -0 -0 0.0281254 2.95517 0.512269 -0.121691 
-15 -14.9998 0.00146484 -0 0.0281254 2.95328 0.533801 -0.121538 
-15 -14.9998 -0 -0 0.0281254 2.95328 0.5338 -0.121537 
-12 -11.9978 0.000976562 -0 0.0281254 2.95517 0.51224 -0.121691 
-9 -8.9985 -0.000488281 -0 0.0281254 2.95819 0.490764 -0.12183 
-6 -5.99786 0.00146484 -0 0.0281254 2.96232 0.469576 -0.121942 
-3 -2.99859 -0.000488281 -0 0.0281254 2.96755 0.4486 -0.12205 
0 0.00136108 0.000488281 -0 0.0281254 2.97388 0.427884 -0.12215 
3 3.00132 -0.000976562 -0 0.0281254 2.98127 0.407592 -0.122224 
6 6.00264 -0.000976562 -0 0.0281254 2.98972 0.387677 -0.122286 
9 9.00191 0.000488281 -0 0.0281254 2.99921 0.368228 -0.122321 
12 12.0026 -0.000488281 -0 0.0281254 3.00971 0.349314 -0.12235 
15 15.0025 0.00195312 -0 0.0281254 3.02116 0.331014 -0.122357 
15 15.0018 -0.000488281 -0 0.0281254 3.02117 0.331 -0.122363 
12 11.9998 0.000976562 -0 0.0281254 3.0097 0.34932 -0.122353 
9 8.99985 0.000488281 -0 0.0281254 2.99921 0.368245 -0.122319 
6 6.00058 -0.000488281 -0 0.0281254 2.98972 0.38769 -0.122288 
3 3.00063 -0.000488281 -0 0.0281254 2.98127 0.407608 -0.122229 
0 0.000674438 0.000488281 -0 0.0281254 2.97388 0.427902 -0.122145 
-3 -3.00065 0.000976562 -0 0.0281254 2.96754 0.448623 -0.12205 
-6 -5.99992 0.000976562 -0 0.0281254 2.96231 0.469604 -0.121943 
-9 -8.99919 0.000976562 -0 0.0281254 2.95819 0.490788 -0.121831 
-12 -11.9991 -0.000976562 -0 0.0281254 2.95516 0.512275 -0.121692 
-15 -14.9991 0.000488281 -0 0.0281254 2.95328 0.533796 -0.121539 
-15 -14.9998 -0 -0 0.0281254 2.95327 0.533805 -0.121537 
-12 -11.9985 -0.000488281 -0 0.0281254 2.95516 0.512248 -0.121691 
-9 -8.99713 -0.000488281 -0 0.0281254 2.95819 0.490764 -0.121827 
-6 -5.99786 -0.00146484 -0 0.0281254 2.96232 0.469572 -0.121939 
-3 -2.99928 -0 -0 0.0281254 2.96755 0.448598 -0.12205 
0 0.00273437 -0.000488281 -0 0.0281254 2.97388 0.42788 -0.122145 
3 3.002 0.000976562 -0 0.0281254 2.98127 0.407597 -0.122218 
6 6.00333 0.000976562 -0 0.0281254 2.98972 0.387677 -0.122283 
9 9.00122 -0.00146484 -0 0.0281254 2.99921 0.368229 -0.12232 
12 12.0026 0.000976562 -0 0.0281254 3.00971 0.349315 -0.122348 
15 15.0018 0.000488281 -0 0.0281254 3.02116 0.33101 -0.122357 
15 15.0018 -0 -0 0.0281254 3.02117 0.331008 -0.122358 
12 11.9998 -0 -0 0.0281254 3.0097 0.349336 -0.122348 
9 9.00054 0.00146484 -0 0.0281254 2.9992 0.36825 -0.12232 
6 6.00058 -0.000488281 -0 0.0281254 2.98972 0.3877 -0.122281 
3 2.99994 -0.000488281 -0 0.0281254 2.98127 0.407611 -0.122217 
0 0.00136108 -0 -0 0.0281254 2.97388 0.427898 -0.122146 
-3 -2.99928 -0.000976562 -0 0.0281254 2.96754 0.448625 -0.122046 
-6 -6.00061 -0 -0 0.0281254 2.96232 0.469589 -0.121939 
-9 -8.99987 -0.000976562 -0 0.0281254 2.95819 0.490795 -0.121827 
-12 -11.9991 -0.000976562 -0 0.0281254 2.95516 0.512264 -0.121692 
-15 -14.9998 0.000976562 -0 0.0281254 2.95327 0.533799 -0.121535 
-15 -14.9998 0.000488281 -0 0.0281254 2.95327 0.533792 -0.121538 
-12 -11.9978 0.000488281 -0 0.0281254 2.95516 0.512238 -0.121689 
-9 -8.99781 0.000488281 -0 0.0281254 2.95819 0.490771 -0.121827 
-6 -5.99786 0.000488281 -0 0.0281254 2.96231 0.469585 -0.121939 
-3 -2.99791 -0 -0 0.0281254 2.96754 0.448608 -0.122046 
0 0.00136108 -0 -0 0.0281254 2.97388 0.427885 -0.122142 
3 3.00269 0.000976562 -0 0.0281254 2.98127 0.407602 -0.122219 
6 6.00196 -0.000488281 -0 0.0281254 2.98972 0.38768 -0.122283 
9 9.00191 -0.000976562 -0 0.0281254 2.99921 0.368221 -0.122319 
12 12.0019 -0 -0 0.0281254 3.00971 0.349316 -0.122349 
15 15.0025 0.000976562 -0 0.0281254 3.02117 0.331 -0.122359 
15 15.0025 -0 -0 0.0281254 3.02117 0.331006 -0.122358 
12 12.0005 -0.000488281 -0 0.0281254 3.0097 0.349329 -0.122346 
9 9.00122 0.000488281 -0 0.0281254 2.9992 0.368248 -0.122322 
6 6.00058 -0.00146484 -0 0.0281254 2.98972 0.387699 -0.122284 
3 3.00132 0.000488281 -0 0.0281254 2.98126 0.407615 -0.122221 
0 0.000674438 -0 -0 0.0281254 2.97387 0.427909 -0.12214 
-3 -2.99997 -0.000488281 -0 0.0281254 2.96754 0.448628 -0.122049 
-6 -5.99923 0.000488281 -0 0.0281254 2.96231 0.469607 -0.12194 
-9 -8.9985 0.000488281 -0 0.0281254 2.95818 0.490794 -0.121825 
-12 -11.9998 0.000488281 -0 0.0281254 2.95516 0.512263 -0.12169 
-15 -14.9998 -0.000976562 -0 0.0281254 2.95328 0.533784 -0.121538 
-15 -15.0005 -0.000488281 -0 0.0281254 2.95327 0.533803 -0.121535 
-12 -11.9985 -0 -0 0.0281254 2.95516 0.512241 -0.121694 
-9 -8.9985 0.00146484 -0 0.0281254 2.95818 0.490778 -0.121827 
-6 -5.99855 0.000488281 -0 0.0281254 2.96231 0.46957 -0.121938 
-3 -2.99928 -0 -0 0.0281254 2.96754 0.448607 -0.122049 
0 0.00204773 -0 -0 0.0281254 2.97388 0.427894 -0.122146 
3 3.002 0.00195312 -0 0.0281254 2.98127 0.407592 -0.122222 
6 6.00196 -0 -0 0.0281254 2.98972 0.387685 -0.122285 
9 9.0026 0.000488281 -0 0.0281254 2.99921 0.368226 -0.122325 
12 12.0019 -0.000488281 -0 0.0281254 3.0097 0.349329 -0.122349 
15 15.0018 -0.000488281 -0 0.0281254 3.02117 0.331007 -0.122357 
15 15.0018 -0.000488281 -0 0.0281254 3.02117 0.331005 -0.122358 
12 12.0005 -0.000488281 -0 0.0281254 3.0097 0.349326 -0.122362 
9 9.00122 0.000488281 -0 0.0281254 2.99921 0.368256 -0.122318 
6 5.9999 -0.00146484 -0 0.0281254 2.98972 0.387699 -0.122287 
3 3.00063 -0.000488281 -0 0.0281254 2.98126 0.40762 -0.12222 
0 -1.2207e-05 0.000488281 -0 0.0281254 2.97388 0.427916 -0.122143 
-3 -2.99928 -0.000488281 -0 0.0281254 2.96755 0.448621 -0.122048 
-6 -5.99855 -0.00146484 -0 0.0281254 2.96232 0.469596 -0.121945 
-9 -8.99919 -0.000976562 -0 0.0281254 2.95819 0.490798 -0.121823 
-12 -12.0012 -0 -0 0.0281254 2.95516 0.512279 -0.121692 
-15 -14.9998 -0 -0 0.0281254 2.95327 0.533809 -0.121538 
-15 -14.9991 -0 -0 0.0281254 2.95327 0.533801 -0.121537 
-12 -11.9985 0.000488281 -0 0.0281254 2.95516 0.512244 -0.121692 
-9 -8.99919 0.000488281 -0 0.0281254 2.95819 0.490769 -0.121828 
-6 -5.99855 -0.000488281 -0 0.0281254 2.96231 0.469579 -0.121945 
-3 -2.99859 -0.000976562 -0 0.0281254 2.96754 0.4486 -0.122048 
0 0.00204773 -0.000488281 -0 0.0281254 2.97388 0.427893 -0.122143 
3 3.00338 -0 -0 0.0281254 2.98126 0.407598 -0.122222 
6 6.00333 -0.000488281 -0 0.0281254 2.98972 0.387684 -0.122281 
9 9.00191 0.000976562 -0 0.0281254 2.99921 0.368223 -0.122317 
12 12.0019 0.000976562 -0 0.0281254 3.0097 0.349317 -0.122347 
15 15.0018 -0 -0 0.0281254 3.02116 0.330998 -0.122356 
15 15.0011 0.000976562 -0 0.0281254 3.02116 0.331006 -0.122357 
12 12.0005 -0.000488281 -0 0.0281254 3.0097 0.349331 -0.122345 
9 8.99985 -0.000976562 -0 0.0281254 2.9992 0.368252 -0.122316 
6 6.00058 0.000488281 -0 0.0281254 2.98972 0.387703 -0.12228 
3 3.00063 -0 -0 0.0281254 2.98126 0.407616 -0.12222 
0 0.00204773 -0 -0 0.0281254 2.97388 0.427898 -0.122137 
-3 -2.99997 -0 -0 0.0281254 2.96754 0.448627 -0.122046 
-6 -6.00061 -0 -0 0.0281254 2.96231 0.469603 -0.121935 
-9 -8.99987 -0.000488281 -0 0.0281254 2.95818 0.490799 -0.121821 
-12 -11.9985 -0 -0 0.0281254 2.95516 0.512263 -0.121689 
-15 -14.9984 -0.000488281 -0 0.0281254 2.95327 0.533798 -0.121535 
-15 -14.9998 0.000976562 -0 0.0281254 2.95327 0.533797 -0.121527 
-12 -11.9978 -0.000488281 -0 0.0281254 2.95516 0.512242 -0.12169 
-9 -8.99919 0.00195312 -0 0.0281254 2.95818 0.490771 -0.121825 
-6 -5.99923 -0 -0 0.0281254 2.96231 0.469581 -0.121941 
-3 -2.99859 -0.000488281 -0 0.0281254 2.96754 0.448592 -0.122044 
0 0.00136108 -0.000488281 -0 0.0281254 2.97388 0.427887 -0.122139 
3 3.00132 -0 -0 0.0281254 2.98127 0.407589 -0.122222 
6 6.00196 0.000488281 -0 0.0281254 2.98972 0.387676 -0.122278 
9 9.00191 -0 -0 0.0281254 2.99921 0.36823 -0.122319 
12 12.0019 0.000488281 -0 0.0281254 3.0097 0.349311 -0.122346 
15 15.0018 -0 -0 0.0281254 3.02116 0.331005 -0.122352 
15 15.0018 -0 -0 0.0281254 3.02116 0.331004 -0.122352 
12 12.0005 -0.000488281 -0 0.0281254 3.0097 0.349325 -0.122346 
9 9.00054 -0 -0 0.0281254 2.9992 0.368252 -0.122314 
6 6.00127 -0.000976562 -0 0.0281254 2.98971 0.387694 -0.12228 
3 3.00132 -0.000976562 -0 0.0281254 2.98126 0.407614 -0.122221 
0 0.000674438 -0 -0 0.0281254 2.97387 0.427916 -0.122139 
-3 -2.99997 0.000488281 -0 0.0281254 2.96754 0.448626 -0.12204 
-6 -6.00061 -0 -0 0.0281254 2.96231 0.469606 -0.121936 
-9 -8.99919 -0 -0 0.0281254 2.95818 0.490792 -0.121821 
-12 -11.9998 0.000488281 -0 0.0281254 2.95516 0.512269 -0.121689 
-15 -14.9991 -0.000976562 -0 0.0281254 2.95327 0.533803 -0.121533 
-15 -14.9998 -0 -0 0.0281254 2.95327 0.533801 -0.121529 
-12 -11.9985 -0.000976562 -0 0.0281254 2.95516 0.512243 -0.121685 
-9 -8.9985 -0.000488281 -0 0.0281254 2.95818 0.490773 -0.12182 
-6 -5.99923 0.000488281 -0 0.0281254 2.96231 0.469591 -0.121937 
-3 -2.99859 0.000488281 -0 0.0281254 2.96754 0.448602 -0.122047 
0 0.00204773 -0.000488281 -0 0.0281254 2.97387 0.427895 -0.122141 
3 3.002 0.00146484 -0 0.0281254 2.98126 0.407594 -0.12222 
6 6.00264 0.000976562 -0 0.0281254 2.98972 0.387681 -0.122282 
9 9.00191 -0 -0 0.0281254 2.9992 0.368228 -0.122321 
12 12.0019 0.000488281 -0 0.0281254 3.0097 0.349316 -0.122351 
15 15.0018 -0 -0 0.0281254 3.02116 0.33101 -0.12236 
15 15.0025 0.000488281 -0 0.0281254 3.02116 0.331012 -0.12236 
12 12.0005 -0 -0 0.0281254 3.0097 0.349331 -0.122347 
9 9.00122 -0.000976562 -0 0.0281254 2.9992 0.368248 -0.122319 
6 6.00127 -0 -0 0.0281254 2.98971 0.387699 -0.122284 
3 3.00063 -0.000976562 -0 0.0281254 2.98126 0.407611 -0.122224 
0 0.000674438 -0 -0 0.0281254 2.97387 0.427906 -0.122144 
-3 -2.99928 -0 -0 0.0281254 2.96754 0.448621 -0.122052 
-6 -5.99992 -0 -0 0.0281254 2.96231 0.469596 -0.121943 
-9 -8.99919 -0.000488281 -0 0.0281254 2.95818 0.490788 -0.121828 
-12 -11.9998 -0.000976562 -0 0.0281254 2.95516 0.512268 -0.121693 
-15 -14.9998 -0 -0 0.0281254 2.95327 0.533804 -0.121532 
-15 -14.9998 -0.000488281 -0 0.0281254 2.95327 0.533798 -0.121533 
-12 -11.9978 -0 -0 0.0281254 2.95516 0.512243 -0.121689 
-9 -8.99781 0.000488281 -0 0.0281254 2.95818 0.490778 -0.121827 
-6 -5.99786 -0.00146484 -0 0.0281254 2.96231 0.469575 -0.121943 
-3 -2.99791 0.00146484 -0 0.0281254 2.96754 0.448596 -0.122049 
0 0.00204773 0.000488281 -0 0.0281254 2.97388 0.427887 -0.122142 
3 3.002 -0.000488281 -0 0.0281254 2.98127 0.407592 -0.122221 
6 6.00333 -0 -0 0.0281254 2.98972 0.387677 -0.122283 
9 9.0026 -0 -0 0.0281254 2.99921 0.368229 -0.122318 
12 12.0019 -0.000488281 -0 0.0281254 3.0097 0.349313 -0.122344 
15 15.0018 -0 -0 0.0281254 3.02116 0.331002 -0.122358 
15 15.0018 -0 -0 0.0281254 3.02116 0.330996 -0.122354 
12 12.0005 -0.00146484 -0 0.0281254 3.0097 0.349323 -0.122341 
9 9.00054 -0.000976562 -0 0.0281254 2.9992 0.368248 -0.122321 
6 6.00127 -0 -0 0.0281254 2.98972 0.387698 -0.122281 
3 2.99994 0.000976562 -0 0.0281254 2.98126 0.407617 -0.122216 
0 0.00136108 -0.000488281 -0 0.0281254 2.97387 0.427909 -0.122139 
-3 -2.99997 -0.000488281 -0 0.0281254 2.96754 0.448623 -0.122046 
-6 -5.99855 0.00146484 -0 0.0281254 2.96231 0.469598 -0.121938 
-12 -11.9991 -0 -0 0.0281254 2.95516 0.51226 -0.12169 
-15 -14.9991 -0 -0 0.0281254 2.95327 0.533798 -0.121536 
