0 0.00204773 -0.00146484 -0 0.0281254 2.95614 0.508099 -0.121711 
-40 0.00273437 -39.9995 -0 0.0281254 3.01371 0.43186 -0.121537 
-32 0.00204773 -32 -0 0.0281254 3.00575 0.431015 -0.121693 
-24 0.00204773 -23.9995 -0 0.0281254 2.99779 0.430232 -0.121797 
-16 0.000674438 -16 -0 0.0281254 2.98983 0.429448 -0.121869 
-8 0.00273437 -8 -0 0.0281254 2.98186 0.42867 -0.121994 
0 0.00204773 0.000488281 -0 0.0281254 2.97388 0.427893 -0.122131 
8 0.00204773 7.99854 -0 0.0281254 2.96591 0.427116 -0.122241 
16 0.00204773 16.0005 -0 0.0281254 2.95794 0.426364 -0.122346 
24 0.00273437 24 -0 0.0281254 2.94996 0.42564 -0.122442 
32 0.00204773 32.0005 -0 0.0281254 2.94198 0.424882 -0.122582 
40 0.00204773 40.0015 -0 0.0281254 2.93399 0.42416 -0.122712 
40 0.00136108 40 -0 0.0281254 2.93399 0.424156 -0.122709 
32 0.00204773 32.001 -0 0.0281254 2.94198 0.424887 -0.122581 
24 0.00273437 23.9995 -0 0.0281254 2.94996 0.425643 -0.122447 
16 0.00273437 16.0005 -0 0.0281254 2.95794 0.426375 -0.122357 
8 0.00204773 8.00049 -0 0.0281254 2.96591 0.427107 -0.122251 
0 0.00204773 -0.000488281 -0 0.0281254 2.97388 0.427893 -0.122136 
-8 0.00273437 -8 -0 0.0281254 2.98186 0.428663 -0.121997 
-16 0.00136108 -16 -0 0.0281254 2.98984 0.429436 -0.121873 
-24 0.00204773 -23.9995 -0 0.0281254 2.99779 0.430229 -0.12179 
-32 0.00204773 -32.0005 -0 0.0281254 3.00574 0.431023 -0.121695 
-40 0.00136108 -39.9995 -0 0.0281254 3.01371 0.431855 -0.121537 
-40 0.00273437 -40 -0 0.0281254 3.01371 0.431852 -0.121537 
-32 0.00136108 -32.0005 -0 0.0281254 3.00575 0.431033 -0.121691 
-24 0.00136108 -24 -0 0.0281254 2.99779 0.430221 -0.121792 
-16 0.00136108 -16.001 -0 0.0281254 2.98984 0.429443 -0.121871 
-8 0.00273437 -7.99902 -0 0.0281254 2.98186 0.428671 -0.121986 
0 0.00273437 -0.000488281 -0 0.0281254 2.97388 0.42789 -0.122137 
8 0.00204773 7.99951 -0 0.0281254 2.96592 0.427105 -0.122255 
16 0.00204773 16.0005 -0 0.0281254 2.95794 0.426372 -0.122351 
24 0.00273437 24.0005 -0 0.0281254 2.94996 0.425644 -0.12245 
32 0.00273437 32 -0 0.0281254 2.94198 0.424889 -0.122586 
40 0.00136108 40.0005 -0 0.0281254 2.93399 0.424131 -0.122723 
40 0.00204773 40 -0 0.0281254 2.93399 0.424146 -0.122721 
32 0.00204773 31.9995 -0 0.0281254 2.94198 0.424889 -0.122587 
24 0.00273437 23.9985 -0 0.0281254 2.94996 0.425649 -0.122449 
16 0.00204773 16.001 -0 0.0281254 2.95794 0.426362 -0.122356 
8 0.00204773 8 -0 0.0281254 2.96592 0.427099 -0.122253 
0 0.00136108 0.000488281 -0 0.0281254 2.97387 0.427896 -0.122134 
-8 0.00136108 -8.00049 -0 0.0281254 2.98186 0.428664 -0.121994 
-16 0.00204773 -16.0005 -0 0.0281254 2.98983 0.429445 -0.121872 
-24 0.00204773 -23.9995 -0 0.0281254 2.99779 0.430225 -0.121798 
-32 0.00204773 -31.9995 -0 0.0281254 3.00574 0.431026 -0.121694 
-40 0.00204773 -39.9995 -0 0.0281254 3.01371 0.431862 -0.121534 
-40 0.00136108 -40 -0 0.0281254 3.01371 0.431859 -0.121536 
-32 0.00204773 -32 -0 0.0281254 3.00574 0.431019 -0.121691 
-24 0.00204773 -23.999 -0 0.0281254 2.99779 0.430223 -0.121795 
-16 0.00204773 -16.001 -0 0.0281254 2.98983 0.429442 -0.12187 
-8 0.00273437 -8 -0 0.0281254 2.98186 0.428661 -0.121995 
0 0.00273437 -0.000488281 -0 0.0281254 2.97388 0.427899 -0.122133 
8 0.00136108 8 -0 0.0281254 2.96591 0.427115 -0.122243 
16 0.00204773 16.0005 -0 0.0281254 2.95794 0.426372 -0.12235 
24 0.00342102 24 -0 0.0281254 2.94996 0.425647 -0.122448 
32 0.00273437 32.0005 -0 0.0281254 2.94198 0.424896 -0.122582 
40 0.00204773 40.0005 -0 0.0281254 2.93399 0.424153 -0.122716 
40 0.00273437 40 -0 0.0281254 2.93399 0.424155 -0.122717 
32 0.00273437 31.9995 -0 0.0281254 2.94197 0.424896 -0.122582 
24 0.00273437 24 -0 0.0281254 2.94996 0.425647 -0.122444 
16 0.000674438 15.999 -0 0.0281254 2.95794 0.426376 -0.122348 
8 0.00204773 8.00049 -0 0.0281254 2.96591 0.427104 -0.122242 
0 0.00273437 -0 -0 0.0281254 2.97388 0.427902 -0.122129 
-8 0.00204773 -8.00049 -0 0.0281254 2.98186 0.428667 -0.121991 
-16 0.00204773 -16 -0 0.0281254 2.98984 0.429446 -0.121869 
-24 0.00204773 -24 -0 0.0281254 2.99779 0.430214 -0.121796 
-32 0.00273437 -32.0005 -0 0.0281254 3.00574 0.431018 -0.121692 
-40 0.00136108 -40 -0 0.0281254 3.01371 0.431838 -0.121545 
-40 0.00273437 -40.0005 -0 0.0281254 3.01371 0.431837 -0.121543 
-32 0.00273437 -32 -0 0.0281254 3.00574 0.431026 -0.121694 
-24 0.00136108 -24 -0 0.0281254 2.99779 0.43022 -0.121796 
-16 0.00273437 -16 -0 0.0281254 2.98984 0.42944 -0.121869 
-8 0.00204773 -8.00098 -0 0.0281254 2.98186 0.428674 -0.121988 
0 0.00204773 -0 -0 0.0281254 2.97388 0.427906 -0.122128 
8 0.00204773 8 -0 0.0281254 2.96592 0.42712 -0.122241 
24 0.00204773 24.0005 -0 0.0281254 2.94997 0.425649 -0.122448 
32 0.00204773 32.001 -0 0.0281254 2.94198 0.424885 -0.122591 
40 0.00204773 40 -0 0.0281254 2.93399 0.424149 -0.12272 
40 0.00273437 40 0.00175781 0.0281254 2.93399 0.424146 -0.122717 
32 0.00204773 31.9995 -0 0.0281254 2.94198 0.424887 -0.122588 
24 0.00204773 24.0005 -0 0.0281254 2.94997 0.425641 -0.122449 
16 0.00273437 15.9995 -0 0.0281254 2.95794 0.42637 -0.122348 
8 0.00204773 7.99951 -0 0.0281254 2.96592 0.427101 -0.122246 
0 0.00136108 0.000976562 -0 0.0281254 2.97388 0.427882 -0.12213 
-8 0.00136108 -8 -0 0.0281254 2.98186 0.428659 -0.121991 
-16 0.00136108 -15.999 -0 0.0281254 2.98984 0.429442 -0.121868 
-24 0.000674438 -24.0005 -0 0.0281254 2.99779 0.430216 -0.121792 
-32 0.00273437 -31.9995 -0 0.0281254 3.00574 0.431024 -0.12169 
-40 0.00204773 -40.0005 -0 0.0281254 3.01371 0.431842 -0.121539 
-40 0.00273437 -39.999 -0 0.0281254 3.01371 0.431835 -0.121542 
-32 0.00273437 -32.001 -0 0.0281254 3.00574 0.431024 -0.121691 
-24 0.00273437 -24 -0 0.0281254 2.99779 0.430233 -0.121788 
-16 0.00204773 -16.0005 -0 0.0281254 2.98984 0.429447 -0.121862 
-8 0.00273437 -7.99951 -0 0.0281254 2.98186 0.428667 -0.12199 
0 0.00204773 -0.000976562 -0 0.0281254 2.97388 0.427905 -0.122122 
8 0.00136108 7.99902 -0 0.0281254 2.96591 0.427116 -0.122244 
16 0.00273437 16.0005 -0 0.0281254 2.95794 0.426371 -0.122349 
24 0.00204773 23.9995 -0 0.0281254 2.94997 0.425655 -0.122447 
32 0.00273437 32 -0 0.0281254 2.94198 0.424881 -0.122586 
40 0.00273437 39.9995 -0 0.0281254 2.934 0.424134 -0.12272 
40 0.00204773 39.9995 -0 0.0281254 2.934 0.424133 -0.122719 
32 0.00136108 32.0005 -0 0.0281254 2.94198 0.424886 -0.122587 
24 0.00136108 24 -0 0.0281254 2.94997 0.425635 -0.122445 
16 0.00204773 16.0015 -0 0.0281254 2.95794 0.426367 -0.122345 
8 0.00204773 7.99951 -0 0.0281254 2.96591 0.427107 -0.122244 
0 0.00273437 -0 -0 0.0281254 2.97388 0.427881 -0.122133 
-8 0.00273437 -8.00049 -0 0.0281254 2.98186 0.428666 -0.121995 
-16 0.00273437 -15.9995 -0 0.0281254 2.98984 0.429443 -0.121866 
-24 0.00136108 -24.001 -0 0.0281254 2.99779 0.430221 -0.121794 
-32 0.00204773 -31.999 -0 0.0281254 3.00574 0.431041 -0.12168 
-40 0.00204773 -40 -0 0.0281254 3.01371 0.43184 -0.121539 
-40 0.00273437 -40.0005 -0 0.0281254 3.01371 0.431838 -0.121541 
-32 0.00136108 -32.0005 -0 0.0281254 3.00574 0.431042 -0.121676 
-24 0.00273437 -24.001 -0 0.0281254 2.99779 0.430231 -0.12179 
-16 0.00204773 -16.0005 -0 0.0281254 2.98984 0.429453 -0.121859 
-8 0.00273437 -8.00195 -0 0.0281254 2.98186 0.428675 -0.121988 
0 0.00204773 -0.000976562 -0 0.0281254 2.97388 0.427902 -0.122128 
8 0.00204773 8 -0 0.0281254 2.96592 0.4271 -0.122241 
16 0.00204773 16 -0 0.0281254 2.95794 0.426368 -0.122348 
24 0.00342102 24 -0 0.0281254 2.94997 0.425648 -0.122445 
32 0.00204773 32 -0 0.0281254 2.94198 0.42489 -0.122585 
40 0.00273437 39.9995 -0 0.0281254 2.934 0.424143 -0.122721 
40 0.00136108 40 -0 0.0281254 2.93399 0.424139 -0.122716 
32 0.00273437 31.9995 -0 0.0281254 2.94198 0.424877 -0.122588 
24 0.00204773 23.9995 -0 0.0281254 2.94996 0.425638 -0.122449 
16 0.00204773 16.0005 -0 0.0281254 2.95794 0.426367 -0.122345 
8 0.00204773 7.99902 -0 0.0281254 2.96592 0.427093 -0.122246 
0 0.00204773 0.000976562 -0 0.0281254 2.97387 0.427901 -0.122129 
-8 0.00273437 -8.00049 -0 0.0281254 2.98186 0.428657 -0.121984 
-16 0.00204773 -16.0005 -0 0.0281254 2.98984 0.429444 -0.121863 
-24 0.00204773 -24.0005 -0 0.0281254 2.99779 0.430222 -0.121791 
-32 0.00273437 -32.0015 -0 0.0281254 3.00575 0.431028 -0.12168 
-40 0.00204773 -40.0005 -0 0.0281254 3.01371 0.431848 -0.12154 
-32 0.00204773 -32.0005 -0 0.0281254 3.00575 0.431039 -0.121673 
-24 0.00273437 -23.9995 -0 0.0281254 2.99779 0.430225 -0.121789 
-16 0.00273437 -16.0005 -0 0.0281254 2.98984 0.42942 -0.121866 
-8 0.00136108 -8.00049 -0 0.0281254 2.98186 0.428658 -0.121985 
0 0.00204773 -0 -0 0.0281254 2.97388 0.427884 -0.122127 
8 0.00204773 8 -0 0.0281254 2.96592 0.427103 -0.122241 
16 0.00204773 15.9995 -0 0.0281254 2.95794 0.426365 -0.122346 
24 0.00136108 23.999 -0 0.0281254 2.94997 0.425623 -0.122444 
32 0.00273437 32.0005 -0 0.0281254 2.94198 0.424888 -0.122579 
40 0.00342102 39.999 -0 0.0281254 2.93399 0.424145 -0.12271 
40 0.00204773 40 -0 0.0281254 2.93399 0.424145 -0.122712 
32 0.00273437 32 -0 0.0281254 2.94198 0.424886 -0.122578 
24 0.00204773 24.0005 -0 0.0281254 2.94996 0.425629 -0.122453 
16 0.00273437 16.0005 -0 0.0281254 2.95794 0.426361 -0.122348 
8 0.00204773 8 -0 0.0281254 2.96592 0.427092 -0.12225 
0 0.00273437 -0 -0 0.0281254 2.97388 0.427865 -0.122136 
-8 0.00204773 -8 -0 0.0281254 2.98186 0.428651 -0.121994 
-16 0.00204773 -16 -0 0.0281254 2.98984 0.429424 -0.121871 
-24 0.00204773 -23.9995 -0 0.0281254 2.99779 0.430226 -0.121786 
-32 0.00204773 -31.999 -0 0.0281254 3.00574 0.431027 -0.121683 
-40 0.00136108 -40.001 -0 0.0281254 3.01371 0.431835 -0.121528 
-40 0.00273437 -40 -0 0.0281254 3.01371 0.431842 -0.121529 
-32 0.00136108 -32 -0 0.0281254 3.00574 0.431025 -0.121679 
-24 0.00136108 -23.9985 -0 0.0281254 2.99779 0.430228 -0.121782 
-16 0.00204773 -15.999 -0 0.0281254 2.98984 0.429424 -0.121867 
-8 0.00204773 -8 -0 0.0281254 2.98186 0.428656 -0.121995 
0 0.00204773 -0.000488281 -0 0.0281254 2.97388 0.427897 -0.12212 
8 0.00204773 8 -0 0.0281254 2.96591 0.427101 -0.122252 
16 0.00204773 16.0005 -0 0.0281254 2.95794 0.426372 -0.12234 
24 0.00204773 23.999 -0 0.0281254 2.94996 0.425627 -0.122447 
32 0.00136108 32.0005 -0 0.0281254 2.94197 0.424904 -0.122575 
40 0.00273437 39.9995 -0 0.0281254 2.93399 0.42414 -0.122715 
40 0.00204773 40 -0 0.0281254 2.93399 0.424133 -0.122714 
32 0.00273437 31.9995 -0 0.0281254 2.94198 0.424889 -0.122569 
24 0.00204773 23.999 -0 0.0281254 2.94996 0.425642 -0.122444 
16 0.00204773 16.0015 -0 0.0281254 2.95793 0.426389 -0.122337 
8 0.00273437 8 -0 0.0281254 2.96591 0.427091 -0.122241 
0 0.00204773 -0.000488281 -0 0.0281254 2.97387 0.427887 -0.122142 
-8 0.00204773 -8 -0 0.0281254 2.98185 0.428665 -0.12199 
-16 0.00204773 -16 -0 0.0281254 2.98984 0.429407 -0.121879 
-24 0.00136108 -23.9995 -0 0.0281254 2.99778 0.430225 -0.121792 
-32 0.00410767 -32 -0 0.0281254 3.00575 0.431009 -0.121686 
-40 0.00204773 -40 -0 0.0281254 3.01371 0.431849 -0.121534 
-40 0.00136108 -40 -0 0.0281254 3.01371 0.431854 -0.121541 
-32 0.00204773 -32.0005 -0 0.0281254 3.00576 0.430996 -0.121688 
-24 0.00204773 -24.001 -0 0.0281254 2.99779 0.430224 -0.121796 
-16 0.00273437 -16.001 -0 0.0281254 2.98984 0.429428 -0.121865 
-8 0.00273437 -7.99951 -0 0.0281254 2.98186 0.428659 -0.12199 
0 0.00273437 0.000488281 -0 0.0281254 2.97388 0.427895 -0.122127 
8 0.00273437 8 -0 0.0281254 2.96592 0.427094 -0.122249 
16 0.00273437 16.001 -0 0.0281254 2.95795 0.426379 -0.122339 
24 0.00273437 23.9995 -0 0.0281254 2.94997 0.425627 -0.122449 
32 0.00136108 31.9995 -0 0.0281254 2.94198 0.424898 -0.122567 
40 0.00136108 39.9995 -0 0.0281254 2.93399 0.424152 -0.122708 
40 0.00204773 39.9995 -0 0.0281254 2.93399 0.42414 -0.122711 
32 0.00342102 31.9995 -0 0.0281254 2.94198 0.424898 -0.122572 
24 0.00273437 24.0005 -0 0.0281254 2.94997 0.42564 -0.122448 
16 0.00136108 15.9995 -0 0.0281254 2.95794 0.426375 -0.122338 
0 0.00204773 -0.000488281 -0 0.0281254 2.97388 0.427865 -0.122125 
-8 0.00136108 -8.00049 -0 0.0281254 2.98186 0.428648 -0.121994 
-16 0.00273437 -15.999 -0 0.0281254 2.98984 0.429434 -0.121863 
-24 0.00273437 -23.999 -0 0.0281254 2.99779 0.430215 -0.121793 
-32 0.00204773 -32 -0 0.0281254 3.00574 0.431035 -0.121683 
-40 0.00204773 -40.001 -0 0.0281254 3.01371 0.431844 -0.121535 
-40 0.00273437 -39.9995 -0 0.0281254 3.01371 0.431836 -0.121537 
-32 0.00204773 -31.9995 -0 0.0281254 3.00574 0.431021 -0.121678 
-24 0.00204773 -23.999 -0 0.0281254 2.99779 0.430202 -0.121791 
-16 0.000674438 -16.001 -0 0.0281254 2.98984 0.429415 -0.121871 
-8 0.00273437 -8.00049 -0 0.0281254 2.98186 0.428651 -0.121989 
0 0.00204773 -0.00146484 -0 0.0281254 2.97388 0.427892 -0.122124 
8 0.00273437 8.00049 -0 0.0281254 2.96592 0.427104 -0.122238 
16 0.00204773 16.001 -0 0.0281254 2.95794 0.426368 -0.122335 
24 0.00273437 23.9995 -0 0.0281254 2.94997 0.425628 -0.122435 
32 0.00204773 32.001 -0 0.0281254 2.94198 0.424883 -0.122572 
40 0.00136108 39.9995 -0 0.0281254 2.934 0.424143 -0.122706 
40 0.00204773 40 -0 0.0281254 2.934 0.424131 -0.122705 
32 0.00136108 32.0005 -0 0.0281254 2.94198 0.42489 -0.122573 
24 0.00136108 24.0015 -0 0.0281254 2.94997 0.425633 -0.122439 
16 0.00273437 15.9995 -0 0.0281254 2.95794 0.426371 -0.122338 
8 0.00273437 8.00146 -0 0.0281254 2.96591 0.427099 -0.12224 
0 0.00204773 0.00146484 -0 0.0281254 2.97387 0.427878 -0.122133 
-8 0.00204773 -7.99951 -0 0.0281254 2.98186 0.428666 -0.121983 
-16 0.00273437 -15.9995 -0 0.0281254 2.98983 0.429439 -0.121855 
-24 0.00273437 -24 -0 0.0281254 2.99779 0.430212 -0.121787 
-32 0.00204773 -32 -0 0.0281254 3.00574 0.431022 -0.121681 
-40 0.00273437 -40 -0 0.0281254 3.0137 0.431854 -0.121534 
-40 0.00204773 -39.9995 -0 0.0281254 3.0137 0.431846 -0.121534 
-32 0.00204773 -31.9995 -0 0.0281254 3.00574 0.431024 -0.121675 
-24 0.00136108 -23.999 -0 0.0281254 2.99779 0.430211 -0.121789 
-16 0.00204773 -16.0005 -0 0.0281254 2.98984 0.429437 -0.121859 
-8 0.00342102 -8 -0 0.0281254 2.98186 0.428655 -0.12198 
0 0.00204773 -0.000488281 -0 0.0281254 2.97387 0.427919 -0.122118 
8 0.00204773 8.00098 -0 0.0281254 2.96591 0.427106 -0.122241 
16 0.00136108 16.0005 -0 0.0281254 2.95794 0.426379 -0.122337 
24 0.00204773 24.0005 -0 0.0281254 2.94996 0.425643 -0.122434 
32 0.00273437 31.9995 -0 0.0281254 2.94197 0.424911 -0.122567 
40 0.00204773 40 -0 0.0281254 2.93399 0.424161 -0.122706 
40 0.00204773 40 -0 0.0281254 2.93399 0.424157 -0.122707 
32 0.00204773 32 -0 0.0281254 2.94197 0.424898 -0.122575 
24 0.00273437 24.001 -0 0.0281254 2.94996 0.425648 -0.122439 
16 0.00136108 15.9995 -0 0.0281254 2.95793 0.426383 -0.122336 
8 0.00273437 8 -0 0.0281254 2.96591 0.427107 -0.122243 
0 0.00136108 -0 -0 0.0281254 2.97387 0.427914 -0.122116 
-8 0.00204773 -8 -0 0.0281254 2.98186 0.428653 -0.121986 
-16 0.00204773 -16 -0 0.0281254 2.98983 0.429438 -0.121862 
-24 0.00204773 -23.9995 -0 0.0281254 2.99779 0.430226 -0.121785 
-32 0.00136108 -32.0005 -0 0.0281254 3.00574 0.43102 -0.121684 
-40 0.00204773 -40.0005 -0 0.0281254 3.01371 0.431844 -0.121536 
-40 0.00273437 -40.0005 -0 0.0281254 3.01371 0.431848 -0.121535 
-32 0.00273437 -31.9995 -0 0.0281254 3.00574 0.431017 -0.121682 
-24 0.00204773 -23.9995 -0 0.0281254 2.99779 0.430229 -0.121781 
-16 0.00204773 -16 -0 0.0281254 2.98983 0.42943 -0.121858 
-8 0.00273437 -8.00098 -0 0.0281254 2.98186 0.428662 -0.121982 
0 0.00204773 0.000976562 -0 0.0281254 2.97387 0.427917 -0.122121 
8 0.00136108 8 -0 0.0281254 2.96591 0.42711 -0.122238 
16 0.00273437 16.001 -0 0.0281254 2.95793 0.426381 -0.122333 
24 0.00136108 23.9995 -0 0.0281254 2.94996 0.425642 -0.122444 
32 0.00204773 32 -0 0.0281254 2.94197 0.424882 -0.122576 
40 0.00273437 40.0005 -0 0.0281254 2.93399 0.424141 -0.122713 
40 0.00204773 40.0005 -0 0.0281254 2.93399 0.424135 -0.122712 
32 0.00204773 31.999 -0 0.0281254 2.94197 0.424881 -0.122576 
24 0.00204773 23.9995 -0 0.0281254 2.94996 0.425642 -0.122439 
16 0.00204773 16 -0 0.0281254 2.95794 0.426359 -0.122341 
8 0.00273437 8 -0 0.0281254 2.96591 0.427101 -0.122242 
0 0.00273437 0.000976562 -0 0.0281254 2.97387 0.427913 -0.122115 
-8 0.00136108 -8.00049 -0 0.0281254 2.98186 0.428655 -0.121993 
-16 0.00136108 -16.0005 -0 0.0281254 2.98983 0.429431 -0.121866 
-24 0.00204773 -24 -0 0.0281254 2.99778 0.430222 -0.121785 
-32 0.00204773 -32.0005 -0 0.0281254 3.00574 0.431018 -0.121679 
-40 0.00342102 -40 -0 0.0281254 3.0137 0.431858 -0.12153 
-40 0.00342102 -40 -0 0.0281254 3.0137 0.431863 -0.121528 
-32 0.00204773 -31.999 -0 0.0281254 3.00574 0.43102 -0.121678 
-24 0.00136108 -24 -0 0.0281254 2.99779 0.430209 -0.12178 
-16 0.00204773 -16.0015 -0 0.0281254 2.98984 0.429428 -0.121856 
-8 0.00204773 -7.99951 -0 0.0281254 2.98186 0.428658 -0.121986 
0 0.00204773 0.000976562 -0 0.0281254 2.97387 0.427931 -0.122119 
8 0.00273437 8.00146 -0 0.0281254 2.96592 0.427079 -0.122243 
16 0.00136108 16.0005 -0 0.0281254 2.95794 0.426362 -0.122346 
24 0.00136108 24.0005 -0 0.0281254 2.94997 0.425619 -0.122444 
32 0.00204773 32.0005 -0 0.0281254 2.94198 0.42487 -0.122578 
40 0.00204773 39.9995 -0 0.0281254 2.93399 0.424134 -0.122714 
-24 0.00204773 -24 -0 0.0281254 2.99779 0.43023 -0.121782 
-32 0.00204773 -32 -0 0.0281254 3.00574 0.431039 -0.12167 
-40 0.000674438 -39.999 -0 0.0281254 3.0137 0.431862 -0.121528 
-40 0.00204773 -39.999 -0 0.0281254 3.0137 0.431863 -0.121526 
-32 0.00204773 -31.9985 -0 0.0281254 3.00574 0.431032 -0.121672 
-24 0.00273437 -23.9995 -0 0.0281254 2.99779 0.430223 -0.121783 
-16 0.00204773 -15.9976 -0 0.0281254 2.98983 0.429435 -0.121857 
-8 0.00204773 -8.00049 -0 0.0281254 2.98186 0.428648 -0.121988 
0 0.00204773 -0 -0 0.0281254 2.97387 0.427911 -0.122115 
8 0.00136108 8.00098 -0 0.0281254 2.96591 0.427107 -0.122244 
16 0.00204773 16.0005 -0 0.0281254 2.95794 0.426361 -0.122349 
24 0.00204773 24.0005 -0 0.0281254 2.94996 0.425634 -0.122447 
32 0.00204773 32.0005 -0 0.0281254 2.94198 0.424882 -0.122577 
40 0.00204773 40 -0 0.0281254 2.93399 0.424133 -0.122712 
40 0.00273437 40 -0 0.0281254 2.93399 0.424149 -0.122712 
32 0.000674438 32 -0 0.0281254 2.94198 0.424883 -0.12258 
24 0.00136108 24 -0 0.0281254 2.94996 0.425637 -0.122446 
16 0.00204773 16.0005 -0 0.0281254 2.95794 0.426358 -0.12235 
8 0.00204773 7.99854 -0 0.0281254 2.96591 0.42709 -0.122245 
0 0.00204773 0.000488281 -0 0.0281254 2.97387 0.427909 -0.122122 
-8 0.00204773 -8 -0 0.0281254 2.98186 0.428645 -0.121995 
-16 0.00273437 -15.999 -0 0.0281254 2.98983 0.429441 -0.12186 
-24 0.00136108 -24 -0 0.0281254 2.99779 0.430214 -0.121786 
-32 0.00204773 -32.0005 -0 0.0281254 3.00574 0.431023 -0.121687 
-40 0.00136108 -40 -0 0.0281254 3.0137 0.431861 -0.12153 
-40 0.00136108 -40.0005 -0 0.0281254 3.01371 0.431849 -0.121534 
-32 0.00204773 -31.9995 -0 0.0281254 3.00574 0.431011 -0.121687 
-16 0.00273437 -16.001 -0 0.0281254 2.98984 0.429435 -0.121862 
-8 0.00273437 -8.00049 -0 0.0281254 2.98186 0.428642 -0.121987 
0 0.00136108 -0.00146484 -0 0.0281254 2.97387 0.427921 -0.122116 
8 0.00136108 7.99951 -0 0.0281254 2.96592 0.427095 -0.122249 
16 0.00204773 16.0005 -0 0.0281254 2.95794 0.426358 -0.122343 
24 0.00273437 24 -0 0.0281254 2.94997 0.425622 -0.12245 
32 0.00204773 32 -0 0.0281254 2.94198 0.424881 -0.122576 
40 0.00204773 40.0005 -0 0.0281254 2.93399 0.424139 -0.122712 
40 0.00204773 40 -0 0.0281254 2.93399 0.424141 -0.122712 
32 0.00204773 32 -0 0.0281254 2.94197 0.42488 -0.122579 
24 0.00204773 23.9995 -0 0.0281254 2.94996 0.425627 -0.122446 
16 0.00273437 16 -0 0.0281254 2.95793 0.426369 -0.122337 
8 0.00136108 7.99951 -0 0.0281254 2.96591 0.427094 -0.122254 
0 0.00204773 -0.000976562 -0 0.0281254 2.97387 0.427902 -0.122123 
-8 0.00273437 -7.99951 -0 0.0281254 2.98186 0.428647 -0.121994 
-16 0.00273437 -16.001 -0 0.0281254 2.98983 0.42943 -0.121862 
-24 0.00136108 -24 -0 0.0281254 2.99779 0.430208 -0.121789 
-32 0.00273437 -32.0005 -0 0.0281254 3.00574 0.431007 -0.12168 
-40 0.00273437 -40.0005 -0 0.0281254 3.0137 0.431833 -0.121535 
-40 0.00136108 -40.0005 -0 0.0281254 3.0137 0.431843 -0.121536 
-32 0.00136108 -31.9995 -0 0.0281254 3.00574 0.43102 -0.12168 
-24 0.00204773 -24.0005 -0 0.0281254 2.99779 0.430214 -0.121789 
-16 0.00204773 -16 -0 0.0281254 2.98983 0.42943 -0.121863 
-8 0.00273437 -8.00098 -0 0.0281254 2.98186 0.428647 -0.121995 
0 0.00136108 -0.000976562 -0 0.0281254 2.97387 0.427909 -0.122115 
8 0.00273437 8.00049 -0 0.0281254 2.96591 0.427094 -0.122248 
16 0.00204773 16 -0 0.0281254 2.95794 0.42637 -0.12234 
24 0.00273437 23.9995 -0 0.0281254 2.94996 0.425633 -0.122441 
32 0.00273437 31.9995 -0 0.0281254 2.94198 0.424889 -0.122572 
40 0.00204773 40.0005 -0 0.0281254 2.93399 0.424145 -0.122709 
40 0.00204773 40 -0 0.0281254 2.93399 0.424146 -0.122707 
32 0.00204773 32 -0 0.0281254 2.94198 0.424893 -0.122572 
24 0.00273437 24 -0 0.0281254 2.94996 0.425635 -0.122439 
16 0.00136108 15.9995 -0 0.0281254 2.95794 0.426369 -0.12234 
8 0.00204773 8.00098 -0 0.0281254 2.96591 0.427096 -0.122248 
-8 0.00136108 -7.99951 -0 0.0281254 2.98186 0.428655 -0.121993 
-16 0.00273437 -16.001 -0 0.0281254 2.98984 0.429413 -0.121869 
-24 0.00342102 -24.0005 -0 0.0281254 2.99778 0.430219 -0.121784 
-32 0.00273437 -32.0005 -0 0.0281254 3.00574 0.431008 -0.121693 
-40 0.00204773 -40 -0 0.0281254 3.0137 0.431859 -0.121531 
-40 0.00204773 -40 -0 0.0281254 3.0137 0.431866 -0.121529 
-32 0.00204773 -31.9995 -0 0.0281254 3.00574 0.431016 -0.121688 
-24 0.00136108 -24.0005 -0 0.0281254 2.99778 0.430244 -0.121778 
-16 0.00342102 -15.999 -0 0.0281254 2.98983 0.429445 -0.121858 
-8 0.00204773 -8.00049 -0 0.0281254 2.98186 0.428648 -0.121993 
0 0.00342102 0.000488281 -0 0.0281254 2.97387 0.427905 -0.122117 
8 0.00204773 8.00049 -0 0.0281254 2.96591 0.427094 -0.122241 
16 0.00342102 16.0005 -0 0.0281254 2.95794 0.426356 -0.122346 
24 0.00204773 24 -0 0.0281254 2.94996 0.42563 -0.122442 
32 0.00136108 32 -0 0.0281254 2.94198 0.424885 -0.122571 
40 0.00273437 40 -0 0.0281254 2.93399 0.424139 -0.122715 
40 0.00136108 40 -0 0.0281254 2.93399 0.424142 -0.122709 
32 0.00273437 31.9985 -0 0.0281254 2.94198 0.424886 -0.122574 
24 0.00273437 23.9995 -0 0.0281254 2.94996 0.425632 -0.122442 
8 0.00204773 7.99902 -0 0.0281254 2.96591 0.427093 -0.122252 
0 0.00136108 -0.00146484 -0 0.0281254 2.97387 0.427895 -0.12212 
-8 0.00273437 -8.00146 -0 0.0281254 2.98185 0.428651 -0.121989 
-16 0.00136108 -16.0015 -0 0.0281254 2.98983 0.429441 -0.121856 
-24 0.00136108 -24 -0 0.0281254 2.99779 0.430226 -0.121777 
-32 0.00204773 -31.9995 -0 0.0281254 3.00574 0.43103 -0.121682 
-40 0.00273437 -40 -0 0.0281254 3.01371 0.431849 -0.121532 
-40 0.00342102 -39.9995 -0 0.0281254 3.0137 0.431854 -0.12153 
-32 0.00136108 -32.0005 -0 0.0281254 3.00573 0.431032 -0.121685 
-24 0.00204773 -23.9995 -0 0.0281254 2.99778 0.430229 -0.121781 
-16 0.00204773 -16.0005 -0 0.0281254 2.98983 0.42943 -0.121862 
-8 0.00273437 -8 -0 0.0281254 2.98186 0.428665 -0.121975 
0 0.00273437 0.000976562 -0 0.0281254 2.97388 0.427887 -0.122123 
8 0.00204773 8.00049 -0 0.0281254 2.96592 0.42709 -0.122242 
16 0.00136108 15.9995 -0 0.0281254 2.95794 0.426345 -0.122353 
24 0.00136108 24 -0 0.0281254 2.94996 0.425633 -0.122441 
32 0.00204773 32 -0 0.0281254 2.94198 0.424881 -0.122573 
40 0.00273437 40 -0 0.0281254 2.93399 0.42415 -0.122703 
40 0.00204773 39.999 -0 0.0281254 2.93399 0.424146 -0.122707 
32 0.00342102 32 -0 0.0281254 2.94197 0.424894 -0.122575 
24 0.00136108 24 -0 0.0281254 2.94996 0.425641 -0.122438 
16 0.00273437 16.001 -0 0.0281254 2.95794 0.426347 -0.122354 
8 0.00204773 7.99951 -0 0.0281254 2.96591 0.427105 -0.122241 
0 0.00204773 -0 -0 0.0281254 2.97387 0.427892 -0.122128 
-8 0.00204773 -8 -0 0.0281254 2.98186 0.428657 -0.121988 
-16 0.00204773 -16 -0 0.0281254 2.98983 0.429438 -0.121864 
-24 0.00204773 -24 -0 0.0281254 2.99778 0.430224 -0.121785 
-32 0.00204773 -31.9995 -0 0.0281254 3.00574 0.431021 -0.121675 
-40 0.00204773 -39.9995 -0 0.0281254 3.01371 0.431853 -0.121529 
-40 0.00273437 -39.9995 -0 0.0281254 3.01371 0.431852 -0.121529 
-32 0.00204773 -32.0005 -0 0.0281254 3.00574 0.431025 -0.121679 
-24 0.00273437 -23.999 -0 0.0281254 2.99779 0.430231 -0.121785 
-16 0.00136108 -15.9995 -0 0.0281254 2.98984 0.429422 -0.121863 
-8 0.00204773 -8 -0 0.0281254 2.98186 0.428655 -0.121984 
0 0.00273437 0.000488281 -0 0.0281254 2.97388 0.427886 -0.122122 
8 0.00204773 8.00049 -0 0.0281254 2.96592 0.427108 -0.122239 
16 0.00204773 15.9995 -0 0.0281254 2.95794 0.426361 -0.122343 
24 0.00136108 24.0005 -0 0.0281254 2.94996 0.425642 -0.122441 
32 0.00204773 31.9985 -0 0.0281254 2.94198 0.424872 -0.122575 
40 0.00136108 39.9995 -0 0.0281254 2.934 0.424135 -0.122703 
40 0.00204773 40 -0 0.0281254 2.934 0.424139 -0.122704 
32 0.00136108 32.001 -0 0.0281254 2.94198 0.424873 -0.122573 
24 0.00273437 24 -0 0.0281254 2.94997 0.425618 -0.122431 
16 0.00204773 16 -0 0.0281254 2.95795 0.426344 -0.122345 
8 0.00204773 8.00049 -0 0.0281254 2.96591 0.427091 -0.122241 
0 0.00136108 -0 -0 0.0281254 2.97388 0.427882 -0.122122 
-8 0.00204773 -8.00049 -0 0.0281254 2.98186 0.428647 -0.121982 
-16 0.00273437 -16.001 -0 0.0281254 2.98984 0.429423 -0.121865 
-24 0.00273437 -23.999 -0 0.0281254 2.99779 0.430216 -0.121783 
-32 0.00273437 -31.999 -0 0.0281254 3.00575 0.431015 -0.12167 
-40 0.00273437 -40 -0 0.0281254 3.01371 0.431837 -0.121525 
-40 0.00273437 -40.0005 -0 0.0281254 3.01371 0.431835 -0.121522 
-32 0.00273437 -31.9995 -0 0.0281254 3.00574 0.431049 -0.121661 
-24 0.00204773 -24 -0 0.0281254 2.99779 0.430231 -0.121774 
-16 0.00273437 -16.0005 -0 0.0281254 2.98984 0.429427 -0.121858 
-8 0.00204773 -8.00098 -0 0.0281254 2.98186 0.428666 -0.121981 
0 0.00273437 -0.000488281 -0 0.0281254 2.97388 0.427901 -0.12212 
8 0.00273437 8 -0 0.0281254 2.96592 0.427094 -0.122241 
16 0.00204773 16 -0 0.0281254 2.95794 0.426354 -0.122338 
24 0.00204773 24 -0 0.0281254 2.94996 0.42565 -0.122431 
32 0.00273437 32 -0 0.0281254 2.94198 0.424881 -0.122578 
40 0.00204773 39.9995 -0 0.0281254 2.93399 0.424153 -0.122702 
40 0.00204773 40 -0 0.0281254 2.93399 0.424154 -0.122699 
32 0.00204773 32.0005 -0 0.0281254 2.94198 0.424899 -0.122572 
24 0.00136108 24.0005 -0 0.0281254 2.94996 0.425644 -0.122436 
16 0.00273437 16.0005 -0 0.0281254 2.95794 0.426362 -0.122342 
8 0.00273437 8 -0 0.0281254 2.96591 0.427092 -0.122246 
0 0.00273437 -0.00146484 -0 0.0281254 2.97387 0.427911 -0.122113 
-8 0.00204773 -8 -0 0.0281254 2.98186 0.428654 -0.121986 
-16 0.00204773 -16.001 -0 0.0281254 2.98983 0.429438 -0.121859 
-24 0.00342102 -24 -0 0.0281254 2.99779 0.430212 -0.121785 
-32 0.00273437 -31.999 -0 0.0281254 3.00574 0.43105 -0.121675 
-40 0.00136108 -40 -0 0.0281254 3.01371 0.431836 -0.121532 
-40 0.00136108 -39.9995 -0 0.0281254 3.01371 0.431843 -0.121531 
-32 0.00204773 -31.9995 -0 0.0281254 3.00574 0.431037 -0.121678 
16 0.00204773 16.0005 -0 0.0281254 2.95795 0.426354 -0.122343 
24 0.00204773 24 -0 0.0281254 2.94997 0.425624 -0.122444 
32 0.00136108 32.001 -0 0.0281254 2.94198 0.424892 -0.122575 
40 0.00204773 40 -0 0.0281254 2.93399 0.424155 -0.122712 
40 0.00273437 39.9995 -0 0.0281254 2.93399 0.424154 -0.122709 
32 0.00273437 32.0005 -0 0.0281254 2.94198 0.424901 -0.122576 
24 0.00204773 24.001 -0 0.0281254 2.94996 0.42564 -0.122444 
16 0.00136108 15.9995 -0 0.0281254 2.95794 0.426361 -0.122352 
8 0.00204773 8 -0 0.0281254 2.96591 0.4271 -0.122243 
0 0.00273437 -0.00146484 -0 0.0281254 2.97387 0.427911 -0.122112 
-8 0.00273437 -7.99902 -0 0.0281254 2.98186 0.428652 -0.12199 
-16 0.00204773 -16.0005 -0 0.0281254 2.98983 0.429442 -0.121859 
-24 0.00204773 -24 -0 0.0281254 2.99779 0.4302 -0.121791 
-32 0.00273437 -32 -0 0.0281254 3.00574 0.431032 -0.12168 
-40 0.00273437 -40 -0 0.0281254 3.01371 0.431825 -0.121537 
-40 0.00204773 -40 -0 0.0281254 3.01371 0.431831 -0.121538 
-32 0.00136108 -31.9995 -0 0.0281254 3.00574 0.431033 -0.121676 
-24 0.00204773 -24 -0 0.0281254 2.99779 0.430208 -0.121792 
-16 0.00273437 -16.0005 -0 0.0281254 2.98984 0.429446 -0.121855 
-8 0.00273437 -7.99902 -0 0.0281254 2.98186 0.428658 -0.12199 
0 0.00273437 -0 -0 0.0281254 2.97387 0.427926 -0.122106 
8 0.00342102 8 -0 0.0281254 2.96592 0.427104 -0.122238 
16 0.00204773 16 -0 0.0281254 2.95794 0.426357 -0.122346 
24 0.00136108 24 -0 0.0281254 2.94996 0.425637 -0.122436 
32 0.00204773 32 -0 0.0281254 2.94198 0.424882 -0.122571 
40 0.00204773 40 -0 0.0281254 2.934 0.424137 -0.122707 
40 0.00204773 39.9995 -0 0.0281254 2.934 0.424137 -0.122708 
32 0.00204773 31.9985 -0 0.0281254 2.94198 0.424877 -0.122573 
24 0.00273437 24.0005 -0 0.0281254 2.94997 0.425616 -0.12244 
16 0.00273437 16 -0 0.0281254 2.95794 0.426347 -0.122342 
8 0.00273437 8 -0 0.0281254 2.96591 0.427101 -0.122247 
0 0.00136108 -0.000488281 -0 0.0281254 2.97387 0.427907 -0.122111 
-8 0.00204773 -8 -0 0.0281254 2.98186 0.428647 -0.121986 
-16 0.00204773 -16 -0 0.0281254 2.98983 0.429437 -0.121857 
-24 0.00136108 -24.001 -0 0.0281254 2.99779 0.430223 -0.121782 
-32 0.00204773 -32.0005 -0 0.0281254 3.00574 0.431017 -0.121677 
-40 0.00273437 -40 -0 0.0281254 3.01372 0.431815 -0.121537 
-40 0.00136108 -40.0005 -0 0.0281254 3.01372 0.431817 -0.121538 
-32 0.00204773 -32 -0 0.0281254 3.00574 0.431019 -0.121679 
-24 0.00204773 -23.9995 -0 0.0281254 2.99779 0.430209 -0.121781 
-16 0.00204773 -16.0005 -0 0.0281254 2.98984 0.429445 -0.121848 
-8 0.00342102 -8 -0 0.0281254 2.98186 0.428639 -0.121989 
0 0.00204773 -0 -0 0.0281254 2.97388 0.427907 -0.122119 
8 0.00204773 7.99951 -0 0.0281254 2.96592 0.427087 -0.122243 
16 0.00204773 15.9995 -0 0.0281254 2.95795 0.426348 -0.122344 
24 0.00204773 24 -0 0.0281254 2.94997 0.425611 -0.12244 
32 0.00204773 31.999 -0 0.0281254 2.94198 0.424876 -0.122568 
40 0.00204773 39.9995 -0 0.0281254 2.93399 0.424133 -0.122706 
40 0.00136108 40 -0 0.0281254 2.93399 0.424129 -0.122704 
32 0.00273437 31.9995 -0 0.0281254 2.94198 0.424859 -0.122567 
24 0.00204773 24.001 -0 0.0281254 2.94996 0.42562 -0.122447 
16 0.00273437 15.999 -0 0.0281254 2.95794 0.426337 -0.122343 
8 0.00204773 8 -0 0.0281254 2.96591 0.427086 -0.122245 
0 0.00273437 -0 -0 0.0281254 2.97387 0.427909 -0.122103 
-8 0.00136108 -8 -0 0.0281254 2.98186 0.428634 -0.121981 
-16 0.00136108 -15.9995 -0 0.0281254 2.98984 0.42944 -0.121853 
-24 0.00273437 -23.9995 -0 0.0281254 2.99779 0.430224 -0.121776 
-32 0.00273437 -32 -0 0.0281254 3.00574 0.43103 -0.121681 
-40 0.00204773 -40 -0 0.0281254 3.01371 0.431839 -0.121531 
-40 0.00273437 -40 -0 0.0281254 3.01371 0.431849 -0.121527 
-32 0.00273437 -32 -0 0.0281254 3.00574 0.431032 -0.12167 
-24 0.00136108 -23.9985 -0 0.0281254 2.99779 0.430218 -0.121777 
-16 0.00273437 -16.0005 -0 0.0281254 2.98983 0.429449 -0.121847 
-8 0.00204773 -8 -0 0.0281254 2.98186 0.428649 -0.12199 
0 0.00204773 -0 -0 0.0281254 2.97388 0.427892 -0.122114 
40 0.00136108 40 -0 0.0281254 2.93399 0.424141 -0.122703 
32 0.00273437 32 -0 0.0281254 2.94198 0.424886 -0.122571 
24 0.00136108 24 -0 0.0281254 2.94996 0.425615 -0.122441 
16 0.00136108 15.9985 -0 0.0281254 2.95795 0.426336 -0.122341 
8 0.00273437 8.00049 -0 0.0281254 2.96591 0.427085 -0.122244 
0 0.00204773 0.000488281 -0 0.0281254 2.97387 0.427925 -0.122106 
-8 0.00273437 -8 -0 0.0281254 2.98186 0.428648 -0.12199 
-16 0.00204773 -15.9985 -0 0.0281254 2.98983 0.429441 -0.121853 
-24 0.00204773 -24 -0 0.0281254 2.99779 0.430217 -0.12178 
-32 0.00273437 -31.9995 -0 0.0281254 3.00574 0.43101 -0.121674 
-40 0.00342102 -39.9995 -0 0.0281254 3.01371 0.43183 -0.121526 
-40 0.00204773 -40.0005 -0 0.0281254 3.01371 0.43182 -0.121532 
-32 0.00204773 -32.0005 -0 0.0281254 3.00574 0.431027 -0.121673 
-16 0.00273437 -16.001 -0 0.0281254 2.98983 0.429432 -0.121852 
-8 0.00136108 -8 -0 0.0281254 2.98186 0.428647 -0.121984 
0 0.00204773 -0.000488281 -0 0.0281254 2.97387 0.427936 -0.122104 
8 0.00273437 8.00049 -0 0.0281254 2.96591 0.427091 -0.122242 
16 0.00204773 16.001 -0 0.0281254 2.95794 0.426358 -0.122335 
24 0.00273437 23.999 -0 0.0281254 2.94996 0.425615 -0.12244 
32 0.00204773 32 -0 0.0281254 2.94198 0.424868 -0.12256 
40 0.00204773 39.9995 -0 0.0281254 2.93399 0.424137 -0.122706 
40 0.00204773 40 -0 0.0281254 2.93399 0.424132 -0.122705 
32 0.00273437 31.9995 -0 0.0281254 2.94198 0.424881 -0.122563 
24 0.00204773 24 -0 0.0281254 2.94996 0.425616 -0.122442 
16 0.00342102 16 -0 0.0281254 2.95794 0.426358 -0.122343 
8 0.00204773 8 -0 0.0281254 2.96591 0.427087 -0.122242 
0 0.00273437 0.000488281 -0 0.0281254 2.97387 0.427888 -0.122121 
-8 0.00342102 -8 -0 0.0281254 2.98185 0.428648 -0.121989 
-16 0.00204773 -16.0015 -0 0.0281254 2.98983 0.429418 -0.121861 
-24 0.00204773 -23.999 -0 0.0281254 2.99778 0.430237 -0.121773 
-32 0.00273437 -32.0005 -0 0.0281254 3.00574 0.431022 -0.12167 
-40 0.00136108 -39.9995 -0 0.0281254 3.0137 0.431833 -0.121525 
-40 0.00136108 -40 -0 0.0281254 3.0137 0.431839 -0.121529 
-32 0.00273437 -32.0005 -0 0.0281254 3.00573 0.43103 -0.121668 
-24 0.00204773 -24 -0 0.0281254 2.99778 0.430222 -0.121783 
-16 0.00204773 -16.0005 -0 0.0281254 2.98983 0.42941 -0.12186 
-8 0.00342102 -7.99854 -0 0.0281254 2.98185 0.428674 -0.12198 
0 0.00273437 -0 -0 0.0281254 2.97387 0.4279 -0.122116 
8 0.00273437 8.00049 -0 0.0281254 2.96591 0.427094 -0.12224 
16 0.00204773 16.0005 -0 0.0281254 2.95794 0.426345 -0.122345 
24 0.00204773 23.999 -0 0.0281254 2.94996 0.425636 -0.122432 
32 0.00204773 32 -0 0.0281254 2.94197 0.424891 -0.122564 
40 0.00204773 40.0005 -0 0.0281254 2.93399 0.424137 -0.122707 
40 0.00342102 39.9995 -0 0.0281254 2.93399 0.424138 -0.122706 
32 0.00273437 32 -0 0.0281254 2.94197 0.424891 -0.122565 
24 0.00273437 24.0005 -0 0.0281254 2.94996 0.425622 -0.122433 
16 0.00204773 16.0005 -0 0.0281254 2.95794 0.426345 -0.12234 
8 0.00204773 8.00049 -0 0.0281254 2.96591 0.427097 -0.122235 
0 0.00204773 0.000976562 -0 0.0281254 2.97387 0.427878 -0.122121 
-8 0.00204773 -8 -0 0.0281254 2.98186 0.428645 -0.121982 
-16 0.00204773 -16 -0 0.0281254 2.98983 0.42942 -0.121866 
-24 0.00204773 -24 -0 0.0281254 2.99778 0.430222 -0.12178 
-32 0.00342102 -32.0005 -0 0.0281254 3.00574 0.431014 -0.121681 
-40 0.00273437 -40 -0 0.0281254 3.0137 0.431835 -0.121529 
-40 0.00204773 -40 -0 0.0281254 3.0137 0.431835 -0.121534 
-32 0.00204773 -32.0005 -0 0.0281254 3.00574 0.43102 -0.121681 
-24 0.00204773 -24.0005 -0 0.0281254 2.99778 0.430223 -0.12178 
-16 0.00273437 -16 -0 0.0281254 2.98983 0.429425 -0.121858 
-8 0.00204773 -7.99951 -0 0.0281254 2.98186 0.428656 -0.121979 
0 0.00273437 0.000488281 -0 0.0281254 2.97387 0.427897 -0.122118 
8 0.00204773 8 -0 0.0281254 2.96591 0.427108 -0.12223 
16 0.00136108 15.9995 -0 0.0281254 2.95794 0.426355 -0.122338 
24 0.00204773 24 -0 0.0281254 2.94996 0.425632 -0.122438 
32 0.00273437 32.0005 -0 0.0281254 2.94197 0.4249 -0.122564 
40 0.00273437 40 -0 0.0281254 2.93399 0.424147 -0.122702 
40 0.00273437 40.0005 -0 0.0281254 2.93399 0.42414 -0.122702 
32 0.00136108 31.999 -0 0.0281254 2.94197 0.424892 -0.122561 
24 0.00273437 24 -0 0.0281254 2.94996 0.425631 -0.12244 
16 0.00204773 16.0005 -0 0.0281254 2.95794 0.426348 -0.122346 
8 0.00204773 8.00049 -0 0.0281254 2.96591 0.427098 -0.122235 
-32 0.00204773 -32 -0 0.0281254 3.00573 0.431037 -0.121669 
-24 0.000674438 -24 -0 0.0281254 2.99778 0.430215 -0.121782 
-16 0.00273437 -16.001 -0 0.0281254 2.98983 0.429444 -0.12186 
-8 0.00204773 -7.99951 -0 0.0281254 2.98186 0.428633 -0.121979 
0 0.00204773 -0.000976562 -0 0.0281254 2.97387 0.427883 -0.12212 
8 0.00273437 8 -0 0.0281254 2.96591 0.427086 -0.122241 
16 0.00273437 16 -0 0.0281254 2.95794 0.426347 -0.122339 
24 0.00273437 24 -0 0.0281254 2.94997 0.425616 -0.122439 
32 0.00273437 31.9985 -0 0.0281254 2.94198 0.424886 -0.122562 
40 0.00204773 40.0005 -0 0.0281254 2.93399 0.424144 -0.122696 
40 0.00273437 40.0005 -0 0.0281254 2.93399 0.424142 -0.122693 
32 0.00204773 32 -0 0.0281254 2.94197 0.424887 -0.122568 
24 0.00273437 23.999 -0 0.0281254 2.94996 0.425616 -0.122439 
16 0.00273437 15.9995 -0 0.0281254 2.95794 0.426339 -0.122348 
8 0.00204773 8 -0 0.0281254 2.96591 0.427091 -0.122241 
0 0.00204773 0.000488281 -0 0.0281254 2.97386 0.427909 -0.122108 
-8 0.00136108 -7.99854 -0 0.0281254 2.98186 0.428635 -0.121993 
-16 0.00136108 -15.999 -0 0.0281254 2.98983 0.429425 -0.121859 
-24 0.00204773 -24.001 -0 0.0281254 2.99778 0.430214 -0.121784 
-32 0.00204773 -32 -0 0.0281254 3.00574 0.431016 -0.121677 
-40 0.00136108 -40 -0 0.0281254 3.01371 0.431828 -0.121528 
-40 0.00273437 -40 -0 0.0281254 3.01371 0.431829 -0.121529 
-32 0.00204773 -32.0005 -0 0.0281254 3.00574 0.431027 -0.12168 
-24 0.00204773 -24 -0 0.0281254 2.99778 0.430223 -0.121775 
-16 0.00342102 -16 -0 0.0281254 2.98983 0.429441 -0.121854 
-8 0.00204773 -8.00049 -0 0.0281254 2.98186 0.42864 -0.121985 
0 0.00204773 -0.00195312 -0 0.0281254 2.97387 0.427916 -0.122112 
8 0.00273437 7.99951 -0 0.0281254 2.96591 0.427093 -0.122237 
16 0.00204773 16.001 -0 0.0281254 2.95794 0.426351 -0.122347 
24 0.00204773 23.9995 -0 0.0281254 2.94996 0.425627 -0.122436 
32 0.00204773 31.999 -0 0.0281254 2.94197 0.424904 -0.122559 
40 0.00136108 40.0005 -0 0.0281254 2.93399 0.424137 -0.1227 
40 0.00204773 40 -0 0.0281254 2.93399 0.42414 -0.1227 
32 0.00136108 31.9995 -0 0.0281254 2.94197 0.424893 -0.122561 
24 0.00273437 24.001 -0 0.0281254 2.94996 0.425618 -0.122437 
16 0.00136108 16 -0 0.0281254 2.95793 0.426361 -0.122335 
8 0.00204773 7.99951 -0 0.0281254 2.96591 0.427095 -0.12224 
0 0.00273437 0.000976562 -0 0.0281254 2.97386 0.427905 -0.122121 
-8 0.00273437 -7.99951 -0 0.0281254 2.98185 0.428638 -0.121989 
-16 0.00204773 -16.0005 -0 0.0281254 2.98983 0.429415 -0.121863 
-24 0.00273437 -24 -0 0.0281254 2.99778 0.430228 -0.121775 
-32 0.00204773 -32 -0 0.0281254 3.00573 0.431024 -0.121675 
-40 0.00204773 -40 -0 0.0281254 3.0137 0.431829 -0.121534 
-40 0.00342102 -40 -0 0.0281254 3.0137 0.431832 -0.121533 
-32 0.00204773 -32.001 -0 0.0281254 3.00573 0.431026 -0.121675 
16 0.00204773 15.9995 -0 0.0281254 2.95794 0.426345 -0.122334 
24 0.00204773 24.001 -0 0.0281254 2.94996 0.425628 -0.122436 
32 0.00204773 32.0005 -0 0.0281254 2.94197 0.424896 -0.122556 
40 0.00273437 40.0005 -0 0.0281254 2.93399 0.424133 -0.122704 
40 0.00136108 40.0005 -0 0.0281254 2.93399 0.424135 -0.122703 
32 0.00342102 31.999 -0 0.0281254 2.94197 0.424893 -0.122561 
24 0.00204773 23.9995 -0 0.0281254 2.94996 0.425618 -0.12244 
16 0.00204773 15.999 -0 0.0281254 2.95794 0.426344 -0.122338 
8 0.00204773 8.00049 -0 0.0281254 2.96591 0.427088 -0.122238 
0 0.00204773 0.000976562 -0 0.0281254 2.97387 0.427892 -0.122116 
-8 0.00204773 -8 -0 0.0281254 2.98186 0.428622 -0.121986 
-16 0.00273437 -16.001 -0 0.0281254 2.98983 0.429424 -0.121852 
-24 0.00273437 -23.9995 -0 0.0281254 2.99778 0.430235 -0.121766 
-32 0.00273437 -32.001 -0 0.0281254 3.00574 0.431019 -0.121669 
-40 0.00204773 -40 -0 0.0281254 3.0137 0.431836 -0.121526 
