0 0.00273437 -2.5918 -0 0.0281254 3.00346 0.430788 -0.121689 
-20 0.00273437 -0 -19.9986 0.0281254 2.98012 0.370446 -0.165449 
-16 0.00204773 -0 -15.9996 0.0281254 2.97901 0.380431 -0.155408 
-12 0.00204773 0.000488281 -11.9988 0.0281254 2.97781 0.391311 -0.145889 
-8 0.00273437 0.000976562 -7.9998 0.0281254 2.97657 0.402832 -0.137156 
-4 0.00273437 -0.00146484 -3.99902 0.0281254 2.97527 0.414936 -0.129258 
0 0.00204773 -0.000488281 -0 0.0281254 2.97393 0.427578 -0.122217 
4 0.00204773 0.000488281 3.99902 0.0281254 2.97257 0.440703 -0.116088 
8 0.00204773 -0.000976562 7.9998 0.0281254 2.9712 0.454134 -0.110913 
12 0.00204773 0.000488281 11.9988 0.0281254 2.96977 0.468034 -0.106688 
16 0.00204773 -0.000488281 15.9996 0.0281254 2.96835 0.482104 -0.103451 
20 0.00204773 -0.000488281 19.9881 0.0281254 2.96692 0.49646 -0.101203 
20 0.00273437 0.000488281 19.9986 0.0281254 2.96692 0.496455 -0.101203 
16 0.00136108 0.000976562 15.9996 0.0281254 2.96834 0.482179 -0.103453 
12 0.00204773 0.000488281 11.9988 0.0281254 2.96975 0.468122 -0.106682 
8 0.00273437 -0 7.9998 0.0281254 2.97115 0.454438 -0.110829 
4 0.00273437 -0.000488281 3.99902 0.0281254 2.97254 0.440916 -0.116012 
0 0.00204773 -0.00146484 -0 0.0281254 2.9739 0.427834 -0.122116 
-4 0.00273437 0.00146484 -3.99902 0.0281254 2.97523 0.415143 -0.129149 
-8 0.00273437 -0.000488281 -7.9998 0.0281254 2.97653 0.403055 -0.137012 
-12 0.00342102 0.000488281 -11.9988 0.0281254 2.97778 0.391556 -0.145698 
-16 0.00136108 -0.000488281 -15.9996 0.0281254 2.97898 0.38064 -0.155209 
-20 0.00273437 -0 -19.9986 0.0281254 2.98014 0.370408 -0.165475 
-20 0.00204773 -0 -19.9986 0.0281254 2.98014 0.370403 -0.16548 
-16 0.00204773 0.000976562 -15.9996 0.0281254 2.97902 0.380396 -0.15542 
-12 0.00342102 0.000976562 -11.9988 0.0281254 2.97782 0.391282 -0.145898 
-8 0.00204773 0.000488281 -7.9998 0.0281254 2.97657 0.402857 -0.137137 
-4 0.00136108 -0 -3.99902 0.0281254 2.97527 0.41494 -0.129258 
0 0.00273437 0.000976562 -0 0.0281254 2.97394 0.427542 -0.122237 
4 0.00204773 -0.000488281 3.99902 0.0281254 2.97258 0.440671 -0.116097 
8 0.00204773 -0 7.9998 0.0281254 2.9712 0.454098 -0.110921 
12 0.00273437 -0 11.9988 0.0281254 2.96978 0.467998 -0.106686 
16 0.00342102 0.000976562 15.9996 0.0281254 2.96836 0.482088 -0.103452 
20 0.00273437 0.000976562 19.9986 0.0281254 2.96693 0.496451 -0.101205 
20 0.00273437 -0.000976562 19.9986 0.0281254 2.96693 0.496463 -0.101203 
16 0.00204773 -0 15.9996 0.0281254 2.96834 0.482192 -0.103454 
12 0.00136108 -0.000976562 11.9988 0.0281254 2.96975 0.468146 -0.106674 
8 0.00273437 -0.000976562 7.9998 0.0281254 2.97116 0.454423 -0.110835 
4 0.00204773 0.000488281 3.99902 0.0281254 2.97254 0.440948 -0.115999 
0 0.00136108 -0.00195312 -0 0.0281254 2.97389 0.427868 -0.122105 
-4 0.00273437 -0 -3.99902 0.0281254 2.97523 0.415186 -0.129125 
-8 0.00136108 -0.000488281 -7.9998 0.0281254 2.97653 0.403101 -0.136979 
-12 0.00204773 -0 -11.9988 0.0281254 2.97777 0.391602 -0.145666 
-16 0.00204773 0.000976562 -15.9996 0.0281254 2.97898 0.380694 -0.155164 
-20 0.00273437 0.000488281 -19.9986 0.0281254 2.98014 0.370428 -0.165461 
-20 0.00273437 0.000976562 -19.9986 0.0281254 2.98014 0.370424 -0.165461 
-16 0.00204773 -0.000488281 -15.9996 0.0281254 2.97903 0.380371 -0.155457 
-12 0.00204773 -0.000976562 -11.9988 0.0281254 2.97782 0.391277 -0.145906 
-8 0.00204773 -0 -7.9998 0.0281254 2.97658 0.402792 -0.137172 
-4 0.00204773 0.000976562 -3.99902 0.0281254 2.97529 0.414863 -0.129291 
0 0.00204773 -0 -0 0.0281254 2.97396 0.427463 -0.122263 
4 0.00136108 0.000488281 3.99902 0.0281254 2.97258 0.440666 -0.116098 
8 0.00204773 -0.000488281 7.9998 0.0281254 2.97121 0.454117 -0.110916 
12 0.00136108 -0.000488281 11.9988 0.0281254 2.96978 0.468015 -0.106684 
16 0.00136108 -0 15.9996 0.0281254 2.96836 0.482099 -0.103447 
20 0.00342102 -0 19.9986 0.0281254 2.96694 0.496431 -0.101194 
20 0.00204773 -0 19.9986 0.0281254 2.96693 0.496445 -0.101198 
16 0.00204773 -0 15.9996 0.0281254 2.96835 0.482131 -0.10346 
12 0.00204773 0.000488281 11.9988 0.0281254 2.96976 0.468094 -0.106685 
8 0.00273437 -0.000488281 7.9998 0.0281254 2.97116 0.454416 -0.110834 
4 0.00204773 0.000976562 3.99902 0.0281254 2.97254 0.440931 -0.116003 
0 0.00204773 -0 -0 0.0281254 2.9739 0.427811 -0.122124 
-4 0.00136108 -0.000488281 -3.99902 0.0281254 2.97524 0.415154 -0.129137 
-8 0.00204773 0.000488281 -7.9998 0.0281254 2.97654 0.403065 -0.137005 
-12 0.00204773 -0 -11.9988 0.0281254 2.97777 0.39157 -0.145687 
-16 0.00204773 0.000976562 -15.9996 0.0281254 2.97898 0.380671 -0.155183 
-20 0.00204773 0.000976562 -19.9986 0.0281254 2.98015 0.370391 -0.165484 
-20 0.00204773 -0 -19.9986 0.0281254 2.98014 0.370397 -0.165482 
-16 0.00273437 0.00146484 -15.9979 0.0281254 2.97902 0.380385 -0.155446 
-12 0.00204773 0.000976562 -11.9988 0.0281254 2.97782 0.391291 -0.145898 
-8 0.00136108 0.000488281 -7.9998 0.0281254 2.97657 0.402826 -0.137156 
-4 0.00273437 0.00146484 -3.99902 0.0281254 2.97528 0.414896 -0.129276 
0 0.00273437 -0.000976562 -0 0.0281254 2.97395 0.42754 -0.12224 
4 0.00136108 0.000488281 3.99902 0.0281254 2.97259 0.440648 -0.116108 
8 0.00204773 0.00146484 7.9998 0.0281254 2.97121 0.454122 -0.110915 
12 0.00273437 -0.000488281 11.9988 0.0281254 2.96979 0.467953 -0.106692 
16 0.00204773 0.000976562 15.9996 0.0281254 2.96836 0.482101 -0.10345 
20 0.00273437 0.000488281 19.9969 0.0281254 2.96693 0.496438 -0.101198 
20 0.00204773 0.000976562 20.0004 0.0281254 2.96693 0.496441 -0.101197 
16 0.00204773 0.00244141 15.9996 0.0281254 2.96835 0.482155 -0.103456 
12 0.00204773 -0.000488281 11.9988 0.0281254 2.96974 0.468201 -0.106668 
8 0.00204773 -0 7.9998 0.0281254 2.97116 0.454414 -0.110832 
4 0.00136108 0.000976562 3.99902 0.0281254 2.97253 0.440991 -0.115985 
0 0.00273437 -0.000488281 -0 0.0281254 2.97389 0.427853 -0.122109 
-4 0.00204773 -0.000488281 -3.99902 0.0281254 2.97523 0.415179 -0.129127 
-8 0.00204773 -0 -7.9998 0.0281254 2.97653 0.403062 -0.13701 
-12 0.00204773 -0 -11.9988 0.0281254 2.97777 0.391569 -0.145689 
-16 0.00204773 -0.000488281 -15.9996 0.0281254 2.97898 0.380672 -0.155175 
-20 0.00273437 0.00146484 -19.9986 0.0281254 2.98013 0.370425 -0.16546 
-20 0.00204773 -0 -19.9986 0.0281254 2.98013 0.370413 -0.165466 
-16 0.00136108 -0.000488281 -15.9996 0.0281254 2.97902 0.380371 -0.155443 
-12 0.00273437 0.000488281 -11.9988 0.0281254 2.97781 0.391287 -0.145908 
-8 0.00136108 0.000976562 -7.9998 0.0281254 2.97657 0.40283 -0.137156 
-4 0.000674438 0.000976562 -3.99902 0.0281254 2.97528 0.414907 -0.129268 
0 0.00204773 0.00146484 -0 0.0281254 2.97395 0.427527 -0.122238 
4 0.00136108 -0 3.99902 0.0281254 2.97259 0.440617 -0.116119 
8 0.00273437 -0 7.9998 0.0281254 2.97121 0.454118 -0.110913 
12 0.00204773 -0.000976562 11.9988 0.0281254 2.96979 0.467995 -0.106685 
16 0.00136108 -0.00146484 15.9996 0.0281254 2.96836 0.482105 -0.10345 
20 0.00204773 -0 19.9986 0.0281254 2.96694 0.496437 -0.101202 
20 0.00204773 -0 19.9986 0.0281254 2.96693 0.496442 -0.101204 
16 0.00204773 0.000488281 15.9996 0.0281254 2.96835 0.482154 -0.103458 
12 0.00204773 0.000976562 11.9988 0.0281254 2.96976 0.468123 -0.106681 
8 0.00273437 -0 7.9998 0.0281254 2.97116 0.454434 -0.110829 
4 0.00273437 -0.000976562 3.99902 0.0281254 2.97255 0.440913 -0.116007 
0 0.00136108 -0.00146484 -0 0.0281254 2.9739 0.42783 -0.122115 
-4 0.00273437 0.000976562 -3.99902 0.0281254 2.97523 0.415188 -0.129123 
-8 0.00204773 0.000488281 -7.9998 0.0281254 2.97653 0.403133 -0.136969 
-12 0.00273437 -0.00146484 -11.9988 0.0281254 2.97776 0.391636 -0.145642 
-16 0.00204773 0.000488281 -15.9996 0.0281254 2.97897 0.380734 -0.155124 
-20 0.00273437 0.000976562 -19.9986 0.0281254 2.98014 0.370435 -0.165439 
-20 0.00204773 -0 -19.9986 0.0281254 2.98014 0.370439 -0.165441 
-16 0.00273437 0.000488281 -15.9996 0.0281254 2.97903 0.38035 -0.155464 
-12 0.00273437 0.000488281 -11.9988 0.0281254 2.97782 0.391268 -0.145915 
-8 0.00204773 -0 -7.9998 0.0281254 2.97657 0.402831 -0.137147 
-4 0.00136108 0.000488281 -3.99902 0.0281254 2.97528 0.414889 -0.129275 
0 0.00136108 0.000488281 -0 0.0281254 2.97395 0.427508 -0.12225 
4 0.00273437 -0 3.99902 0.0281254 2.97259 0.440654 -0.116096 
8 0.00204773 -0 7.9998 0.0281254 2.97121 0.45412 -0.110907 
12 0.00136108 0.000488281 11.9988 0.0281254 2.96979 0.467987 -0.106685 
16 0.00204773 -0 15.9996 0.0281254 2.96837 0.482094 -0.103447 
20 0.00273437 -0.000488281 19.9986 0.0281254 2.96694 0.496425 -0.101194 
20 0.00204773 0.000488281 19.9986 0.0281254 2.96694 0.496422 -0.101198 
16 0.00136108 -0.000976562 15.9996 0.0281254 2.96835 0.482132 -0.103463 
12 0.00136108 -0.00146484 11.9988 0.0281254 2.96976 0.468092 -0.106682 
8 0.00204773 -0.000488281 7.9998 0.0281254 2.97116 0.454416 -0.110828 
4 0.00204773 0.000976562 3.99902 0.0281254 2.97255 0.440906 -0.11601 
0 0.00273437 -0.00146484 -0 0.0281254 2.9739 0.427833 -0.122111 
-4 0.00136108 0.000488281 -3.99902 0.0281254 2.97524 0.415142 -0.129141 
-8 0.00136108 0.000488281 -7.9998 0.0281254 2.97654 0.403049 -0.13701 
-12 0.00273437 0.00146484 -11.9988 0.0281254 2.97778 0.391549 -0.145692 
-16 0.00204773 -0 -15.9996 0.0281254 2.97899 0.380651 -0.155175 
-20 0.00273437 -0 -19.9986 0.0281254 2.98014 0.370414 -0.165468 
-20 0.00273437 0.000488281 -19.9986 0.0281254 2.98014 0.37041 -0.165469 
-16 0.00204773 -0.000488281 -15.9996 0.0281254 2.97902 0.380376 -0.155442 
-12 0.00136108 0.000488281 -11.9988 0.0281254 2.97782 0.391265 -0.145919 
-8 0.00136108 -0 -7.9998 0.0281254 2.97657 0.402836 -0.137143 
-4 0.00273437 0.00146484 -3.99727 0.0281254 2.97528 0.414917 -0.129263 
0 0.00273437 -0.000488281 -0 0.0281254 2.97394 0.427562 -0.122224 
4 0.00204773 -0 3.99902 0.0281254 2.97258 0.44067 -0.116091 
8 0.00136108 -0.000976562 7.9998 0.0281254 2.9712 0.454134 -0.110906 
12 0.00273437 -0.000488281 11.9988 0.0281254 2.96978 0.468001 -0.106683 
16 0.00204773 -0.000488281 15.9996 0.0281254 2.96836 0.48209 -0.103446 
20 0.00273437 -0 19.9986 0.0281254 2.96693 0.496428 -0.101196 
20 0.00204773 0.000976562 19.9986 0.0281254 2.96693 0.496428 -0.101194 
16 0.00273437 -0.000488281 15.9996 0.0281254 2.96835 0.482141 -0.103453 
12 0.00273437 -0 11.9988 0.0281254 2.96976 0.468106 -0.106678 
8 0.00136108 -0 7.9998 0.0281254 2.97117 0.454409 -0.110826 
4 0.00273437 0.00195312 3.99902 0.0281254 2.97255 0.440898 -0.11601 
0 0.00273437 0.000976562 -0 0.0281254 2.97391 0.427806 -0.122122 
-4 0.00204773 -0.000976562 -3.99902 0.0281254 2.97524 0.415177 -0.129126 
-8 0.00273437 0.000976562 -7.9998 0.0281254 2.97653 0.403116 -0.136966 
-12 0.00136108 -0 -11.9988 0.0281254 2.97777 0.391597 -0.145662 
-16 0.00204773 -0 -15.9996 0.0281254 2.97898 0.380685 -0.15516 
-20 0.00204773 0.000488281 -19.9986 0.0281254 2.98014 0.370418 -0.165457 
-20 0.00273437 0.000976562 -19.9986 0.0281254 2.98014 0.370413 -0.16546 
-16 0.00204773 0.000488281 -15.9996 0.0281254 2.97902 0.380376 -0.155442 
-12 0.00204773 -0.00195312 -11.9988 0.0281254 2.97782 0.391258 -0.145921 
-8 0.00273437 0.000488281 -7.9998 0.0281254 2.97657 0.402848 -0.137136 
-4 0.00273437 -0.000488281 -4.00078 0.0281254 2.97528 0.414893 -0.129265 
0 0.00204773 -0 -0 0.0281254 2.97395 0.427523 -0.122239 
4 0.00204773 0.000976562 3.99902 0.0281254 2.97259 0.440677 -0.116086 
8 0.00273437 0.000976562 7.9998 0.0281254 2.97122 0.454098 -0.11091 
12 0.00273437 -0.000488281 11.9988 0.0281254 2.96979 0.467989 -0.10668 
16 0.00204773 -0.000488281 15.9996 0.0281254 2.96837 0.482093 -0.103439 
20 0.00136108 -0.000976562 19.9986 0.0281254 2.96694 0.496418 -0.101188 
20 0.00204773 -0.00195312 19.9986 0.0281254 2.96694 0.496426 -0.101191 
16 0.00273437 -0 15.9996 0.0281254 2.96835 0.482132 -0.10345 
12 0.00204773 -0.000976562 11.9988 0.0281254 2.96977 0.468076 -0.106674 
8 0.00273437 -0 7.9998 0.0281254 2.97117 0.454393 -0.11083 
4 0.00273437 -0.000488281 3.99902 0.0281254 2.97256 0.440895 -0.116012 
0 0.00136108 0.000976562 -0 0.0281254 2.97391 0.427795 -0.122132 
-4 0.00136108 -0 -3.99902 0.0281254 2.97524 0.415147 -0.129132 
-8 0.00204773 0.000488281 -7.9998 0.0281254 2.97655 0.403023 -0.137022 
-12 0.00204773 -0.000488281 -11.9988 0.0281254 2.97778 0.391563 -0.14569 
-16 0.00136108 -0.000976562 -15.9996 0.0281254 2.97899 0.380656 -0.155186 
-20 0.00273437 0.000976562 -19.9986 0.0281254 2.98014 0.370416 -0.165447 
-20 0.00204773 -0.000488281 -19.9986 0.0281254 2.98014 0.370422 -0.165445 
-16 0.00204773 -0.000976562 -15.9996 0.0281254 2.97903 0.38038 -0.155435 
-12 0.00204773 -0 -11.9988 0.0281254 2.97782 0.391288 -0.145891 
-8 0.00204773 0.000976562 -7.9998 0.0281254 2.97657 0.402849 -0.137123 
-4 0.00204773 0.000488281 -3.99902 0.0281254 2.97528 0.414899 -0.129261 
0 0.00136108 -0.000488281 -0 0.0281254 2.97395 0.427526 -0.122229 
4 0.00273437 -0.000488281 3.99902 0.0281254 2.97259 0.440662 -0.116092 
8 0.00204773 0.00146484 7.9998 0.0281254 2.97121 0.454091 -0.11091 
12 0.00204773 -0.000488281 11.9988 0.0281254 2.96979 0.467973 -0.106683 
16 0.00342102 -0.000976562 15.9996 0.0281254 2.96837 0.482082 -0.103435 
20 0.00136108 -0 19.9986 0.0281254 2.96694 0.496414 -0.101192 
16 0.00204773 -0 15.9996 0.0281254 2.96835 0.482143 -0.103448 
12 0.00136108 -0 11.9988 0.0281254 2.96976 0.468109 -0.106668 
8 0.00204773 0.000488281 7.9998 0.0281254 2.97116 0.454417 -0.110816 
4 0.00273437 -0.000976562 3.99902 0.0281254 2.97253 0.441002 -0.115969 
0 0.00204773 0.000488281 -0 0.0281254 2.97389 0.427851 -0.122111 
-4 0.00273437 0.000488281 -3.99902 0.0281254 2.97522 0.415216 -0.129105 
-8 0.00204773 0.000488281 -7.9998 0.0281254 2.97652 0.403102 -0.136983 
-12 0.00273437 0.000976562 -11.9988 0.0281254 2.97776 0.391616 -0.145663 
-16 0.00273437 -0 -15.9996 0.0281254 2.97897 0.380726 -0.15514 
-20 0.00342102 -0 -19.9986 0.0281254 2.98012 0.370453 -0.165426 
-20 0.00273437 -0.000488281 -19.9986 0.0281254 2.98012 0.370449 -0.165434 
-16 0.00136108 -0.000488281 -15.9996 0.0281254 2.97903 0.38035 -0.155457 
-12 0.00136108 0.000488281 -11.9988 0.0281254 2.97781 0.391281 -0.145896 
-8 0.00273437 0.000976562 -8.00156 0.0281254 2.97657 0.402866 -0.137119 
-4 0.00204773 -0.000976562 -3.99902 0.0281254 2.97527 0.414919 -0.129255 
0 0.00136108 0.00146484 -0 0.0281254 2.97395 0.427536 -0.122226 
4 0.00273437 -0.000488281 3.99902 0.0281254 2.97258 0.440701 -0.116077 
8 0.00204773 0.000488281 7.9998 0.0281254 2.97121 0.454107 -0.11091 
12 0.00136108 -0 11.9988 0.0281254 2.9698 0.467954 -0.106685 
16 0.000674438 0.00146484 15.9996 0.0281254 2.96837 0.482063 -0.103441 
20 0.00204773 -0.000488281 19.9986 0.0281254 2.96694 0.496426 -0.101188 
20 0.00273437 -0.000976562 19.9986 0.0281254 2.96694 0.496413 -0.101182 
16 0.00204773 0.00146484 15.9996 0.0281254 2.96835 0.482159 -0.10344 
12 0.00204773 -0 11.9988 0.0281254 2.96976 0.468112 -0.106668 
8 0.00204773 -0 7.9998 0.0281254 2.97117 0.454386 -0.110829 
4 0.00136108 -0.000488281 3.99902 0.0281254 2.97255 0.44095 -0.115988 
0 0.00273437 -0.000976562 -0 0.0281254 2.9739 0.427886 -0.122085 
-4 0.00204773 -0.000488281 -3.99902 0.0281254 2.97523 0.415211 -0.129101 
-8 0.00273437 -0 -7.9998 0.0281254 2.97654 0.403091 -0.13698 
-12 0.00204773 -0.000976562 -11.9988 0.0281254 2.97777 0.391587 -0.145669 
-16 0.00342102 0.00146484 -15.9996 0.0281254 2.97898 0.380734 -0.155116 
-20 0.00204773 0.000488281 -19.9986 0.0281254 2.98014 0.37044 -0.165426 
-20 0.00204773 0.000488281 -19.9986 0.0281254 2.98013 0.37044 -0.165426 
-16 0.00136108 -0 -15.9996 0.0281254 2.97903 0.380348 -0.155456 
-12 0.00204773 0.000488281 -11.9988 0.0281254 2.97783 0.391183 -0.145957 
-8 0.00273437 0.000488281 -7.9998 0.0281254 2.97657 0.402843 -0.137127 
-4 0.00136108 -0.000976562 -3.99902 0.0281254 2.97528 0.414883 -0.129271 
0 0.00136108 -0.000976562 -0 0.0281254 2.97395 0.427543 -0.122224 
4 0.00136108 -0.000488281 3.99902 0.0281254 2.97259 0.440646 -0.116092 
8 0.00273437 0.000976562 7.9998 0.0281254 2.97121 0.454091 -0.110906 
12 0.00273437 -0.000488281 11.9988 0.0281254 2.96979 0.467993 -0.106676 
16 0.00273437 0.00146484 15.9996 0.0281254 2.96837 0.482091 -0.10343 
20 0.00136108 -0.000488281 19.9986 0.0281254 2.96694 0.496421 -0.101188 
20 0.00273437 -0.000488281 19.9986 0.0281254 2.96694 0.496421 -0.101185 
16 0.00273437 -0.00146484 15.9996 0.0281254 2.96835 0.482146 -0.103442 
12 0.00342102 -0.000488281 11.9988 0.0281254 2.96976 0.468137 -0.106662 
8 0.00204773 0.000976562 7.9998 0.0281254 2.97116 0.454459 -0.110811 
4 0.00136108 -0.00146484 3.99902 0.0281254 2.97254 0.440978 -0.115973 
0 0.00273437 -0 -0 0.0281254 2.97387 0.427994 -0.122057 
-4 0.00136108 0.000976562 -3.99902 0.0281254 2.97521 0.415255 -0.129104 
-8 0.00136108 -0.000976562 -7.9998 0.0281254 2.97652 0.403108 -0.136983 
-12 0.00204773 0.000488281 -11.9988 0.0281254 2.97775 0.391696 -0.145616 
-16 0.00204773 -0.000488281 -15.9996 0.0281254 2.97897 0.380737 -0.155133 
-20 0.00204773 -0.000488281 -19.9986 0.0281254 2.98012 0.370484 -0.16539 
-20 0.00204773 0.00146484 -19.9986 0.0281254 2.98012 0.370499 -0.165397 
-16 0.00204773 0.000488281 -15.9996 0.0281254 2.97903 0.380368 -0.155446 
-12 0.00136108 -0 -11.9988 0.0281254 2.97782 0.391258 -0.145928 
-8 0.00273437 0.000976562 -7.9998 0.0281254 2.97657 0.402864 -0.137121 
-4 0.00204773 0.000488281 -3.99902 0.0281254 2.97528 0.414907 -0.129265 
0 0.00204773 -0.000976562 -0 0.0281254 2.97395 0.427499 -0.122242 
4 0.00136108 -0.000488281 3.99902 0.0281254 2.97258 0.440727 -0.11606 
8 0.00204773 -0.00195312 7.9998 0.0281254 2.97122 0.454045 -0.110917 
12 0.00273437 -0.000488281 11.9988 0.0281254 2.9698 0.467922 -0.106686 
16 0.00204773 -0.000976562 15.9996 0.0281254 2.96837 0.482091 -0.103439 
20 0.00136108 0.000488281 19.9986 0.0281254 2.96694 0.496435 -0.10118 
20 0.00204773 -0.000976562 19.9986 0.0281254 2.96694 0.496439 -0.101183 
16 0.00273437 -0 15.9996 0.0281254 2.96835 0.482156 -0.10344 
12 0.00204773 -0.000976562 11.9988 0.0281254 2.96975 0.468192 -0.10665 
8 0.00204773 0.000488281 7.9998 0.0281254 2.97114 0.454529 -0.110797 
4 0.00204773 -0.000488281 3.99902 0.0281254 2.97254 0.44097 -0.115981 
0 0.00204773 -0.000488281 -0 0.0281254 2.97389 0.427899 -0.122088 
-4 0.00204773 0.000488281 -3.99902 0.0281254 2.97522 0.415248 -0.129091 
-8 0.00204773 0.000488281 -7.9998 0.0281254 2.97652 0.403151 -0.136946 
-12 0.00136108 -0 -11.9988 0.0281254 2.97775 0.391678 -0.145612 
-16 0.00273437 0.000976562 -15.9996 0.0281254 2.97894 0.380895 -0.154998 
-20 0.00204773 -0.000488281 -19.9986 0.0281254 2.9801 0.370639 -0.165245 
-20 0.00204773 0.000976562 -19.9986 0.0281254 2.9801 0.370639 -0.16525 
-16 0.00204773 -0.000488281 -15.9996 0.0281254 2.97905 0.380323 -0.155447 
-12 0.00273437 -0 -11.9988 0.0281254 2.97784 0.391218 -0.145907 
-8 0.00204773 -0 -7.9998 0.0281254 2.9766 0.402763 -0.137148 
-4 0.00204773 -0.00146484 -3.99902 0.0281254 2.9753 0.414856 -0.129249 
0 0.00136108 0.00146484 -0 0.0281254 2.97398 0.427426 -0.122243 
4 0.00136108 -0.000488281 3.99902 0.0281254 2.97263 0.44056 -0.116081 
8 0.00204773 -0.00146484 7.9998 0.0281254 2.97125 0.453963 -0.110904 
12 0.00273437 -0 11.9988 0.0281254 2.96983 0.467839 -0.106666 
16 0.00204773 -0.000488281 15.9996 0.0281254 2.96841 0.481937 -0.103419 
20 0.00204773 -0.000488281 19.9986 0.0281254 2.96695 0.496449 -0.101163 
20 0.00273437 0.000976562 19.9986 0.0281254 2.96695 0.496453 -0.101159 
16 0.00204773 -0.000976562 15.9996 0.0281254 2.96834 0.482296 -0.1034 
12 0.00342102 0.000488281 11.9988 0.0281254 2.96973 0.468366 -0.106611 
8 0.00204773 -0.000976562 7.9998 0.0281254 2.97111 0.454736 -0.110739 
4 0.00136108 -0 3.99902 0.0281254 2.97249 0.44124 -0.115895 
0 0.00204773 -0.000488281 -0 0.0281254 2.97385 0.428075 -0.122025 
-4 0.00204773 -0.000976562 -3.99727 0.0281254 2.97519 0.415362 -0.12904 
-8 0.00136108 -0.000488281 -7.9998 0.0281254 2.97649 0.403278 -0.136887 
-12 0.00204773 0.000976562 -11.9988 0.0281254 2.97774 0.391753 -0.145574 
-16 0.00273437 -0.000976562 -15.9996 0.0281254 2.97894 0.380829 -0.155058 
-20 0.00204773 0.000976562 -19.9986 0.0281254 2.98011 0.370586 -0.165308 
-20 0.00342102 -0.000488281 -19.9986 0.0281254 2.98011 0.370579 -0.165313 
-16 0.00273437 0.000976562 -15.9996 0.0281254 2.97901 0.380505 -0.155326 
-12 0.00204773 -0 -11.9988 0.0281254 2.9778 0.391405 -0.145799 
-8 0.00136108 -0.000976562 -8.00156 0.0281254 2.97656 0.402973 -0.137043 
-4 0.00204773 0.000488281 -3.99902 0.0281254 2.97527 0.415049 -0.129169 
0 0.00273437 -0.000976562 -0 0.0281254 2.97395 0.427602 -0.122183 
4 0.00136108 -0.000976562 3.99902 0.0281254 2.97258 0.440813 -0.116012 
8 0.00204773 -0 7.9998 0.0281254 2.9712 0.45424 -0.110857 
12 0.00273437 -0.000488281 11.9988 0.0281254 2.96978 0.468127 -0.106638 
16 0.00136108 -0 15.9996 0.0281254 2.96837 0.482146 -0.103413 
20 0.00204773 -0.00195312 19.9986 0.0281254 2.96693 0.496548 -0.101163 
20 0.00204773 -0 19.9986 0.0281254 2.96693 0.496558 -0.101164 
16 0.00204773 -0 15.9996 0.0281254 2.96834 0.482288 -0.103411 
12 0.00273437 -0.000488281 11.9988 0.0281254 2.96976 0.468223 -0.106631 
8 0.00204773 -0.000976562 7.9998 0.0281254 2.97116 0.454532 -0.110781 
4 0.00136108 0.000488281 3.99902 0.0281254 2.97255 0.441005 -0.115949 
0 0.00204773 -0.000488281 -0 0.0281254 2.97391 0.427836 -0.122088 
-4 0.00136108 0.000976562 -3.99902 0.0281254 2.97523 0.415267 -0.129054 
-8 0.00204773 -0.00146484 -7.9998 0.0281254 2.97653 0.403173 -0.136914 
-12 0.00136108 -0.000488281 -11.9988 0.0281254 2.97777 0.391685 -0.145576 
-16 0.00136108 0.00146484 -15.9996 0.0281254 2.97897 0.380761 -0.155089 
-20 0.00342102 0.000488281 -19.9986 0.0281254 2.98013 0.370509 -0.165345 
-20 0.00204773 0.000976562 -19.9986 0.0281254 2.98013 0.370507 -0.165346 
-16 0.00342102 0.000976562 -15.9996 0.0281254 2.97902 0.380477 -0.155335 
-12 0.00273437 0.000488281 -11.9988 0.0281254 2.97781 0.391413 -0.145777 
-8 0.00204773 0.000488281 -7.9998 0.0281254 2.97657 0.402945 -0.137047 
-4 0.00204773 0.00146484 -3.99902 0.0281254 2.97528 0.415001 -0.129177 
0 0.00204773 -0.00146484 -0 0.0281254 2.97395 0.427591 -0.122184 
4 0.00136108 -0 3.99902 0.0281254 2.97259 0.440691 -0.116052 
8 0.00204773 -0.00146484 7.9998 0.0281254 2.9712 0.454236 -0.110848 
12 0.00204773 -0 11.9988 0.0281254 2.96978 0.468095 -0.106637 
16 0.00204773 -0 15.9996 0.0281254 2.96837 0.48216 -0.103404 
20 0.00273437 -0.000976562 19.9986 0.0281254 2.96694 0.496509 -0.101159 
20 0.00204773 -0.000488281 19.9986 0.0281254 2.96694 0.496509 -0.101157 
16 0.00273437 -0.000488281 15.9996 0.0281254 2.96835 0.482253 -0.103408 
12 0.00273437 0.000488281 11.9988 0.0281254 2.96976 0.46818 -0.106629 
8 0.00342102 0.000976562 7.9998 0.0281254 2.97117 0.454488 -0.110777 
4 0.00204773 0.00146484 3.99902 0.0281254 2.97255 0.441011 -0.115936 
0 0.00204773 -0 -0 0.0281254 2.97392 0.427813 -0.122093 
-4 0.00204773 -0.000488281 -3.99902 0.0281254 2.97523 0.415271 -0.129045 
-8 0.00273437 0.00146484 -7.9998 0.0281254 2.97653 0.403164 -0.136907 
-12 0.000674438 -0 -11.9988 0.0281254 2.97777 0.391679 -0.145583 
-16 0.00204773 -0 -15.9996 0.0281254 2.97897 0.38078 -0.155062 
-20 0.00204773 -0 -19.9986 0.0281254 2.98014 0.37049 -0.165361 
-20 0.00136108 -0 -19.9986 0.0281254 2.98014 0.370481 -0.165369 
-16 0.00204773 -0.00244141 -15.9996 0.0281254 2.97902 0.380448 -0.15536 
-12 0.00273437 -0.000488281 -11.9988 0.0281254 2.97781 0.391364 -0.145817 
-8 0.00204773 -0 -8.00156 0.0281254 2.97657 0.402911 -0.13707 
-4 0.00273437 -0 -3.99902 0.0281254 2.97527 0.414978 -0.129202 
0 0.00136108 0.000488281 -0 0.0281254 2.97395 0.427571 -0.122188 
4 0.00136108 0.000488281 3.99902 0.0281254 2.97258 0.440748 -0.116029 
8 0.00136108 -0 7.9998 0.0281254 2.97121 0.454196 -0.110862 
12 0.00204773 -0.000488281 11.9988 0.0281254 2.96978 0.468093 -0.106636 
16 0.00273437 0.000488281 15.9996 0.0281254 2.96837 0.482171 -0.103403 
20 0.00204773 -0 19.9986 0.0281254 2.96693 0.49652 -0.101162 
20 0.00136108 -0.000976562 19.9986 0.0281254 2.96693 0.496529 -0.101159 
16 0.00204773 0.000488281 15.9996 0.0281254 2.96834 0.482274 -0.103407 
12 0.00204773 -0 11.9988 0.0281254 2.96976 0.468219 -0.10662 
8 0.00136108 -0.000488281 7.9998 0.0281254 2.97116 0.454541 -0.110764 
4 0.00204773 0.000488281 3.99902 0.0281254 2.97253 0.441076 -0.115918 
0 0.00136108 -0.000488281 -0 0.0281254 2.9739 0.427923 -0.122045 
-4 0.00204773 0.000488281 -3.99902 0.0281254 2.97522 0.415313 -0.12903 
-8 0.00204773 -0.00195312 -7.9998 0.0281254 2.97651 0.403287 -0.136846 
-12 0.00204773 -0 -11.9988 0.0281254 2.97776 0.391699 -0.145565 
-16 0.00204773 -0 -15.9996 0.0281254 2.97897 0.380768 -0.15508 
-20 0.00204773 -0.000976562 -19.9986 0.0281254 2.98013 0.370534 -0.165324 
-20 0.00342102 -0 -19.9986 0.0281254 2.98013 0.37053 -0.165324 
-16 0.00342102 0.000488281 -15.9996 0.0281254 2.97902 0.380438 -0.155376 
-12 0.00273437 -0.000488281 -11.9988 0.0281254 2.97782 0.391338 -0.145827 
-8 0.00136108 -0.000488281 -7.9998 0.0281254 2.97657 0.402905 -0.137075 
-4 0.00204773 -0.000488281 -3.99902 0.0281254 2.97527 0.414996 -0.129192 
0 0.00136108 -0.000488281 -0 0.0281254 2.97394 0.427617 -0.122176 
4 0.00204773 -0.000488281 3.99902 0.0281254 2.97258 0.440759 -0.11603 
8 0.00204773 -0.000976562 7.9998 0.0281254 2.9712 0.454234 -0.11085 
12 0.00204773 -0 11.9988 0.0281254 2.96978 0.468096 -0.10664 
16 0.00204773 0.000488281 15.9996 0.0281254 2.96837 0.482179 -0.103404 
20 0.00204773 0.000976562 19.9986 0.0281254 2.96693 0.496525 -0.101161 
20 0.00136108 -0 19.9986 0.0281254 2.96693 0.496529 -0.101165 
16 0.00204773 0.000488281 15.9996 0.0281254 2.96835 0.482258 -0.103413 
12 0.00204773 -0 11.9988 0.0281254 2.96976 0.468189 -0.106633 
8 0.00204773 0.000488281 7.9998 0.0281254 2.97117 0.454473 -0.110779 
4 0.00204773 -0 3.99902 0.0281254 2.97255 0.441004 -0.115939 
0 0.00204773 0.000976562 -0 0.0281254 2.97391 0.427849 -0.122075 
-4 0.00204773 0.000976562 -3.99902 0.0281254 2.97523 0.415266 -0.12905 
-8 0.00273437 -0.000488281 -7.9998 0.0281254 2.97653 0.403221 -0.136887 
-12 0.00136108 -0.000976562 -11.9988 0.0281254 2.97776 0.391743 -0.145537 
-16 0.00136108 -0.000488281 -15.9996 0.0281254 2.97897 0.380777 -0.155066 
-20 0.00204773 -0 -19.9986 0.0281254 2.98013 0.370518 -0.165327 
-20 0.00204773 -0.000488281 -19.9986 0.0281254 2.98013 0.370514 -0.165332 
-16 0.00136108 -0.000488281 -15.9996 0.0281254 2.97902 0.380438 -0.155372 
-12 0.00136108 0.000488281 -11.9988 0.0281254 2.97782 0.391349 -0.145825 
-8 0.00204773 -0.000976562 -7.9998 0.0281254 2.97657 0.402918 -0.137061 
-4 0.00273437 0.000488281 -3.99902 0.0281254 2.97528 0.414945 -0.129221 
0 0.00204773 0.000488281 -0 0.0281254 2.97396 0.427498 -0.122215 
4 0.00204773 -0 3.99902 0.0281254 2.9726 0.440655 -0.116063 
8 0.00204773 -0.000976562 7.9998 0.0281254 2.97122 0.454101 -0.110886 
12 0.00204773 0.000976562 11.9988 0.0281254 2.96981 0.467948 -0.106661 
16 0.00273437 -0.000976562 15.9996 0.0281254 2.96839 0.482008 -0.103426 
20 0.00136108 -0.000976562 19.9986 0.0281254 2.96694 0.496509 -0.101162 
20 0.00204773 -0.000488281 19.9986 0.0281254 2.96694 0.496508 -0.10116 
16 0.00204773 -0.000488281 15.9996 0.0281254 2.96834 0.482287 -0.103407 
12 0.00204773 -0.00146484 11.9988 0.0281254 2.96975 0.468228 -0.106625 
8 0.000674438 0.000488281 7.9998 0.0281254 2.97114 0.454616 -0.110742 
4 0.00273437 -0.000976562 3.99902 0.0281254 2.97251 0.441167 -0.115903 
0 0.00136108 -0.000488281 -0 0.0281254 2.97386 0.428098 -0.121987 
-4 0.00204773 0.000976562 -3.99902 0.0281254 2.97521 0.415322 -0.129042 
-8 0.00204773 -0.000488281 -7.9998 0.0281254 2.9765 0.40326 -0.136883 
-12 0.00273437 -0.00146484 -11.9988 0.0281254 2.97774 0.391738 -0.145569 
-16 0.00273437 -0 -15.9996 0.0281254 2.97895 0.380842 -0.155039 
-20 0.00204773 -0 -19.9986 0.0281254 2.98011 0.370564 -0.165321 
-20 0.00204773 -0.000976562 -19.9986 0.0281254 2.98011 0.370563 -0.165325 
-16 0.00204773 -0.000976562 -15.9996 0.0281254 2.97902 0.380442 -0.155378 
-12 0.00204773 -0 -11.9988 0.0281254 2.97781 0.391348 -0.145833 
-8 0.00273437 -0 -7.9998 0.0281254 2.97657 0.402913 -0.137074 
-4 0.00204773 -0.000488281 -3.99902 0.0281254 2.97528 0.414958 -0.12921 
0 0.000674438 -0.000488281 -0 0.0281254 2.97396 0.427532 -0.122201 
4 0.00136108 -0.000976562 3.99902 0.0281254 2.97258 0.440729 -0.116044 
8 0.00204773 -0.00146484 7.9998 0.0281254 2.9712 0.454225 -0.110849 
12 0.00204773 0.000488281 11.9988 0.0281254 2.96979 0.468058 -0.106646 
16 0.00204773 -0.000488281 15.9996 0.0281254 2.96837 0.482158 -0.103402 
20 0.00204773 -0 19.9986 0.0281254 2.96693 0.496525 -0.101162 
20 0.00204773 -0.000488281 19.9986 0.0281254 2.96693 0.496531 -0.101162 
16 0.00273437 0.000488281 15.9996 0.0281254 2.96834 0.482257 -0.103412 
12 0.00204773 -0.000488281 11.9988 0.0281254 2.96975 0.46824 -0.106625 
8 0.00204773 -0.000488281 7.9998 0.0281254 2.97115 0.454591 -0.110752 
4 0.00136108 -0 3.99902 0.0281254 2.97253 0.441107 -0.115905 
0 0.00273437 -0.000976562 -0 0.0281254 2.97388 0.428004 -0.122024 
-4 0.00273437 -0 -3.99727 0.0281254 2.97521 0.415384 -0.128997 
-8 0.00273437 -0 -7.9998 0.0281254 2.97652 0.403215 -0.136891 
-12 0.00204773 0.000488281 -11.9988 0.0281254 2.97775 0.391735 -0.145546 
-16 0.00136108 0.000488281 -15.9996 0.0281254 2.97896 0.380822 -0.155027 
-20 0.00204773 0.000488281 -19.9986 0.0281254 2.98012 0.370558 -0.165306 
-20 0.00273437 -0.000488281 -19.9986 0.0281254 2.98012 0.370547 -0.165307 
-16 0.00273437 -0.000488281 -15.9996 0.0281254 2.97902 0.380405 -0.155408 
-12 0.00273437 -0.000976562 -11.9988 0.0281254 2.97781 0.391381 -0.145805 
-8 0.00204773 0.000976562 -7.9998 0.0281254 2.97657 0.402911 -0.137068 
-4 0.00204773 -0 -3.99902 0.0281254 2.97527 0.414977 -0.129199 
0 0.00204773 -0.00146484 -0 0.0281254 2.97395 0.427552 -0.122198 
4 0.00204773 -0 4.00078 0.0281254 2.97258 0.440748 -0.116031 
8 0.00136108 -0.000488281 7.9998 0.0281254 2.9712 0.454218 -0.110851 
12 0.00204773 -0.000976562 11.9988 0.0281254 2.96978 0.468097 -0.106638 
16 0.00273437 0.00146484 15.9996 0.0281254 2.96837 0.482166 -0.103405 
20 0.00273437 -0.000488281 19.9986 0.0281254 2.96693 0.4965 -0.101164 
20 0.00136108 0.000976562 19.9986 0.0281254 2.96693 0.496514 -0.10116 
16 0.00204773 0.000488281 15.9996 0.0281254 2.96835 0.482217 -0.103411 
12 0.00204773 -0.000488281 11.9988 0.0281254 2.96976 0.468164 -0.106635 
8 0.00204773 -0 7.9998 0.0281254 2.97117 0.45445 -0.110787 
4 0.000674438 0.000488281 3.99902 0.0281254 2.97255 0.440939 -0.115966 
0 0.00136108 0.000488281 -0 0.0281254 2.97392 0.42778 -0.122104 
-4 0.00273437 -0.000976562 -3.99902 0.0281254 2.97524 0.4152 -0.129067 
-8 0.00136108 0.000488281 -7.9998 0.0281254 2.97653 0.403145 -0.13692 
-12 0.00204773 0.000488281 -11.9988 0.0281254 2.97777 0.391663 -0.145592 
-16 0.00136108 -0.000488281 -15.9996 0.0281254 2.97898 0.380704 -0.155124 
-20 0.00204773 0.00146484 -19.9986 0.0281254 2.98013 0.370503 -0.165336 
-20 0.00273437 0.000488281 -19.9986 0.0281254 2.98013 0.370504 -0.165339 
-16 0.00204773 -0 -15.9996 0.0281254 2.97902 0.380412 -0.155388 
-12 0.00136108 0.000488281 -11.9988 0.0281254 2.97781 0.391354 -0.145821 
-8 0.00273437 0.000488281 -7.9998 0.0281254 2.97656 0.402942 -0.137052 
-4 0.00136108 -0.000976562 -3.99902 0.0281254 2.97527 0.414985 -0.129188 
0 0.00204773 -0.000976562 -0 0.0281254 2.97394 0.427563 -0.12218 
4 0.00273437 -0.000488281 3.99902 0.0281254 2.97258 0.440709 -0.116044 
8 0.00136108 0.00146484 7.9998 0.0281254 2.9712 0.454205 -0.110858 
12 0.00273437 0.000976562 11.9988 0.0281254 2.96978 0.468089 -0.106638 
16 0.00273437 -0.000976562 15.9996 0.0281254 2.96836 0.482166 -0.103402 
20 0.00273437 -0.000488281 19.9986 0.0281254 2.96693 0.496494 -0.10116 
20 0.00136108 -0.000488281 19.9986 0.0281254 2.96693 0.496493 -0.10116 
16 0.00204773 -0.000976562 15.9996 0.0281254 2.96834 0.482217 -0.103418 
12 0.00136108 -0 11.9988 0.0281254 2.96976 0.468155 -0.106637 
8 0.000674438 -0.00146484 7.9998 0.0281254 2.97116 0.454458 -0.110787 
4 0.00273437 0.000488281 3.99902 0.0281254 2.97255 0.440955 -0.115962 
0 0.00273437 -0 -0.00175781 0.0281254 2.97391 0.427806 -0.122094 
-4 0.00204773 0.000488281 -3.99902 0.0281254 2.97523 0.415239 -0.12906 
-8 0.00136108 -0.00146484 -7.9998 0.0281254 2.97651 0.403271 -0.136841 
-12 0.00204773 -0.000976562 -11.9988 0.0281254 2.97775 0.391743 -0.145531 
-16 0.00273437 -0 -15.9996 0.0281254 2.97897 0.380773 -0.155061 
-20 0.00273437 -0 -19.9986 0.0281254 2.98012 0.370556 -0.165301 
-20 0.00136108 -0.000488281 -19.9986 0.0281254 2.98012 0.370541 -0.165306 
-16 0.00273437 -0 -15.9996 0.0281254 2.97902 0.3804 -0.155399 
-12 0.00204773 0.00146484 -11.9988 0.0281254 2.97783 0.391207 -0.145929 
-8 0.00136108 -0.000488281 -7.9998 0.0281254 2.97657 0.402858 -0.137097 
-4 0.00136108 0.00146484 -3.99902 0.0281254 2.97531 0.41474 -0.129318 
0 0.00204773 0.000976562 -0.00175781 0.0281254 2.97397 0.427434 -0.122244 
4 0.00204773 -0.000976562 3.99902 0.0281254 2.97262 0.44054 -0.116094 
8 0.00204773 -0.000488281 7.9998 0.0281254 2.97122 0.454082 -0.110882 
12 0.00273437 0.000488281 11.9988 0.0281254 2.96981 0.467883 -0.106668 
16 0.00204773 -0.000976562 15.9996 0.0281254 2.96839 0.482043 -0.103409 
20 0.00342102 -0 19.9986 0.0281254 2.96694 0.496457 -0.10116 
20 0.00136108 -0.000976562 19.9986 0.0281254 2.96694 0.496453 -0.10116 
16 0.00204773 -0 15.9996 0.0281254 2.96837 0.481917 -0.10348 
12 0.00204773 0.000976562 11.9988 0.0281254 2.96978 0.467909 -0.106716 
8 0.00204773 -0.000976562 7.9998 0.0281254 2.97118 0.454214 -0.110887 
4 0.00204773 -0 3.99902 0.0281254 2.97255 0.440757 -0.116071 
0 0.00342102 -0.000488281 -0 0.0281254 2.97392 0.427593 -0.12222 
-4 0.00204773 -0.000976562 -3.99902 0.0281254 2.97524 0.415006 -0.129231 
-8 0.00342102 -0.000488281 -7.9998 0.0281254 2.97652 0.402998 -0.137063 
-12 0.00136108 0.000488281 -11.9988 0.0281254 2.97775 0.391562 -0.145724 
-16 0.00273437 -0 -15.9996 0.0281254 2.97897 0.38058 -0.155284 
-20 0.00273437 0.000488281 -19.9986 0.0281254 2.98013 0.37039 -0.165494 
-20 0.00204773 0.00146484 -19.9986 0.0281254 2.98013 0.370387 -0.16549 
-16 0.00204773 0.000488281 -15.9996 0.0281254 2.97904 0.380228 -0.155548 
-12 0.00204773 -0.000488281 -11.9988 0.0281254 2.97784 0.391056 -0.146046 
-8 0.00273437 0.000976562 -7.9998 0.0281254 2.97659 0.402668 -0.13723 
-4 0.00136108 -0.000488281 -3.99902 0.0281254 2.97529 0.414747 -0.129338 
0 0.00342102 -0 -0 0.0281254 2.97399 0.427245 -0.122347 
4 0.00204773 0.00195312 3.99902 0.0281254 2.97262 0.440397 -0.116159 
8 0.00136108 -0.000488281 7.9998 0.0281254 2.97123 0.453889 -0.110959 
12 0.00273437 -0.00195312 11.9988 0.0281254 2.96981 0.467766 -0.106716 
16 0.00204773 0.000976562 15.9996 0.0281254 2.96842 0.481704 -0.103462 
20 0.00204773 0.000488281 19.9986 0.0281254 2.96696 0.496214 -0.101189 
20 0.00273437 -0.000488281 19.9986 0.0281254 2.96696 0.496216 -0.101195 
16 0.00204773 -0 15.9996 0.0281254 2.96834 0.482116 -0.103451 
12 0.00273437 -0 11.9988 0.0281254 2.96976 0.468005 -0.10669 
8 0.00204773 0.000976562 7.9998 0.0281254 2.97116 0.454335 -0.110847 
4 0.00204773 -0.000488281 3.99902 0.0281254 2.97255 0.440787 -0.116048 
0 0.00204773 -0 -0 0.0281254 2.97391 0.427676 -0.122167 
-4 0.00204773 0.000488281 -3.99902 0.0281254 2.97522 0.415148 -0.129137 
-8 0.00204773 -0 -7.9998 0.0281254 2.97653 0.403025 -0.137026 
-12 0.00204773 -0 -11.9988 0.0281254 2.97776 0.391553 -0.145695 
-16 0.00204773 0.000488281 -15.9996 0.0281254 2.97897 0.380643 -0.155192 
-20 0.00204773 0.000488281 -19.9986 0.0281254 2.98013 0.370415 -0.165444 
-20 0.00204773 -0 -19.9986 0.0281254 2.98013 0.370417 -0.165446 
-16 0.00204773 -0 -15.9996 0.0281254 2.97903 0.38026 -0.155547 
20 0.00273437 -0 19.9986 0.0281254 2.96695 0.496236 -0.101194 
16 0.00136108 0.000488281 15.9996 0.0281254 2.96836 0.482051 -0.103451 
12 0.00273437 0.000976562 11.9988 0.0281254 2.96978 0.467941 -0.106696 
8 0.00204773 -0 7.9998 0.0281254 2.97118 0.454242 -0.110862 
4 0.00204773 -0 3.99902 0.0281254 2.97256 0.440796 -0.116043 
0 0.00273437 0.00146484 -0 0.0281254 2.97391 0.427673 -0.122177 
-4 0.00273437 -0 -3.99902 0.0281254 2.97523 0.415104 -0.129167 
-8 0.00204773 0.000488281 -7.9998 0.0281254 2.97652 0.40307 -0.137004 
-12 0.00204773 0.000488281 -11.9988 0.0281254 2.97777 0.391508 -0.145737 
-16 0.00342102 -0.000488281 -15.9996 0.0281254 2.97898 0.380598 -0.15525 
-20 0.00204773 0.000976562 -19.9986 0.0281254 2.98014 0.370374 -0.165496 
-20 0.00136108 -0.000488281 -19.9986 0.0281254 2.98014 0.370379 -0.165492 
-16 0.00204773 0.000488281 -15.9996 0.0281254 2.97903 0.380242 -0.155557 
-12 0.00273437 0.000488281 -11.9988 0.0281254 2.97784 0.391071 -0.146064 
-8 0.00273437 -0 -7.9998 0.0281254 2.9766 0.402622 -0.137271 
-4 0.00204773 0.000488281 -3.99902 0.0281254 2.97529 0.414759 -0.129342 
0 0.00136108 -0.000976562 -0 0.0281254 2.97397 0.427337 -0.122304 
4 0.00342102 -0.000976562 3.99902 0.0281254 2.97262 0.44041 -0.116179 
8 0.00273437 -0 7.9998 0.0281254 2.97123 0.453917 -0.110955 
12 0.000674438 -0 11.9988 0.0281254 2.96981 0.46778 -0.106711 
16 0.00136108 -0.000976562 15.9996 0.0281254 2.96839 0.481852 -0.103463 
20 0.00273437 -0.000976562 19.9986 0.0281254 2.96695 0.496242 -0.101196 
20 0.00136108 -0 19.9986 0.0281254 2.96695 0.496241 -0.101195 
16 0.00342102 0.000488281 15.9996 0.0281254 2.96836 0.481997 -0.103458 
12 0.00136108 -0 11.9988 0.0281254 2.96978 0.46792 -0.106698 
8 0.00273437 -0.000488281 7.9998 0.0281254 2.97118 0.454257 -0.110859 
4 0.00273437 -0 3.99902 0.0281254 2.97256 0.44079 -0.11604 
0 0.00204773 -0.000488281 -0 0.0281254 2.97391 0.427704 -0.122141 
-4 0.00273437 0.000976562 -3.99902 0.0281254 2.97524 0.415069 -0.129165 
-8 0.00136108 -0.000976562 -7.9998 0.0281254 2.97653 0.403086 -0.136982 
-12 0.00204773 -0.000488281 -11.9988 0.0281254 2.97778 0.391468 -0.145752 
-16 0.00204773 -0.000488281 -15.9996 0.0281254 2.97899 0.380557 -0.155274 
-20 0.00136108 -0.000488281 -19.9986 0.0281254 2.98014 0.370403 -0.16545 
-20 0.00204773 0.00146484 -19.9986 0.0281254 2.98014 0.370393 -0.165452 
-16 0.00204773 0.000488281 -15.9996 0.0281254 2.97904 0.380178 -0.155597 
-12 0.00204773 -0 -11.9988 0.0281254 2.97784 0.391049 -0.146057 
-8 0.00204773 0.000976562 -7.9998 0.0281254 2.97659 0.40264 -0.137251 
-4 0.00204773 -0 -3.99902 0.0281254 2.97532 0.414594 -0.129418 
0 0.00204773 -0.000488281 0.00175781 0.0281254 2.97398 0.427304 -0.122309 
4 0.00204773 -0.000488281 3.99902 0.0281254 2.97263 0.440347 -0.116188 
8 0.00204773 0.000488281 7.9998 0.0281254 2.97124 0.453857 -0.110963 
12 0.00204773 -0.000488281 11.9988 0.0281254 2.96982 0.467737 -0.106714 
16 0.00136108 -0 15.9996 0.0281254 2.9684 0.481845 -0.103456 
20 0.00342102 -0.000976562 19.9986 0.0281254 2.96696 0.496222 -0.101185 
20 0.00136108 -0 19.9986 0.0281254 2.96696 0.496223 -0.101187 
16 0.00273437 -0.000488281 15.9996 0.0281254 2.96836 0.482013 -0.103454 
12 0.00204773 -0.00146484 11.9988 0.0281254 2.96978 0.467921 -0.106698 
8 0.00273437 -0.000976562 7.9998 0.0281254 2.97116 0.454356 -0.110832 
4 0.00204773 -0 3.99902 0.0281254 2.97253 0.440899 -0.116011 
0 0.00273437 -0 -0 0.0281254 2.97389 0.427737 -0.12215 
-4 0.00136108 -0.000488281 -3.99902 0.0281254 2.97521 0.415205 -0.129118 
-8 0.00204773 -0 -7.9998 0.0281254 2.9765 0.403172 -0.13695 
-12 0.00204773 -0.000976562 -11.9988 0.0281254 2.97773 0.391734 -0.145591 
-16 0.00204773 -0.000488281 -15.9996 0.0281254 2.97895 0.380742 -0.155129 
-20 0.00204773 0.000488281 -19.9986 0.0281254 2.9801 0.370561 -0.165319 
-20 0.00204773 -0 -19.9986 0.0281254 2.9801 0.370552 -0.165318 
-16 0.00204773 0.00146484 -15.9996 0.0281254 2.97903 0.3803 -0.155483 
-12 0.00273437 0.000976562 -11.9988 0.0281254 2.97783 0.391182 -0.145947 
-8 0.00273437 -0.000976562 -7.9998 0.0281254 2.97659 0.402727 -0.137174 
-4 0.00342102 -0.000488281 -3.99902 0.0281254 2.97529 0.414824 -0.129276 
0 0.00204773 0.000488281 -0 0.0281254 2.97398 0.427373 -0.12227 
4 0.00342102 0.00146484 3.99902 0.0281254 2.9726 0.440596 -0.116091 
8 0.00204773 0.000976562 7.9998 0.0281254 2.97122 0.454046 -0.110907 
12 0.00204773 -0 11.9988 0.0281254 2.96981 0.467856 -0.106687 
16 0.00204773 0.000976562 15.9996 0.0281254 2.96839 0.481925 -0.103442 
20 0.00273437 0.00146484 19.9969 0.0281254 2.96695 0.496327 -0.101177 
20 0.00136108 -0 19.9986 0.0281254 2.96694 0.496336 -0.101174 
16 0.00204773 -0 15.9996 0.0281254 2.96835 0.482081 -0.103428 
12 0.00204773 -0.000488281 11.9988 0.0281254 2.96976 0.468076 -0.106654 
8 0.00204773 -0.000976562 7.9998 0.0281254 2.97118 0.45433 -0.110825 
4 0.00136108 -0 3.99902 0.0281254 2.97256 0.440842 -0.116003 
0 0.00273437 0.000488281 -0 0.0281254 2.97392 0.42771 -0.122127 
-4 0.00204773 -0.00146484 -3.99902 0.0281254 2.97524 0.415128 -0.129117 
-8 0.00204773 -0 -7.9998 0.0281254 2.97655 0.403027 -0.137002 
-12 0.00342102 -0.000488281 -11.9988 0.0281254 2.97778 0.39154 -0.145679 
-16 0.00204773 -0 -15.9996 0.0281254 2.97898 0.380706 -0.155114 
-20 0.00204773 0.000976562 -19.9986 0.0281254 2.98014 0.370408 -0.165441 
